0.00460766
0.00349416
0.00333191
0.00312811
0.00306469
0.0029482
0.00280341
0.00266477
0.00266226
0.00253892
0.00248807
0.00242871
0.00231689
0.00231856
0.00221666
0.00223468
0.00221918
0.00222288
0.00213271
0.00213537
0.00204639
0.002051
0.0019683
0.00197459
0.00189895
0.00190168
0.00189944
0.0018414
0.00183602
0.001774
0.00177917
0.00174034
0.00171722
0.00179293
0.00171519
0.00172127
0.00168726
0.00166051
0.00166456
0.00177533
0.0017988
0.00166568
0.001664
0.00168363
0.00166128
0.0016647
0.00167008
0.00167119
0.00166051
0.00166693
0.00168565
0.00166379
0.00167112
0.00167056
0.00166442
0.00166302
0.00166197
0.00169655
0.00166868
0.00166868
0.00166484
0.00166302
0.00166197
0.00166002
0.00167196
0.00166721
0.00166211
0.00166093
0.00168558
0.00166162
0.00166617
0.00166896
0.00166575
0.00168558
0.00166323
0.00166316
0.0017439
0.00167085
0.0019146
0.00173524
0.00165911
0.00166756
0.0016728
0.00173105
0.00165918
0.00168747
0.00166323
0.00166526
0.00166861
0.00166197
0.00168537
0.00166449
0.00166651
0.00166959
0.00167559
0.0016654
0.00166197
0.0017101
0.00166658
0.00166407
0.0016999
0.00166156
0.0016603
0.00168691
0.0016626
0.00167015
0.00166672
0.00166232
0.00166351
0.00166379
0.00166386
0.00166463
0.00167231
0.00185788
0.00166316
0.00174292
0.00177121
0.00168914
0.00167615
0.00166372
0.00166197
0.00167985
0.00167476
0.00166156
0.00166274
0.00166114
0.00166142
0.00171226
0.00173517
0.00166274
0.0016626
0.00166288
0.00166121
0.001667
0.00166484
0.00168754
0.00166588
0.00166169
0.00170528
0.00167846
0.00176038
0.00166002
0.00168453
0.00166107
0.00169291
0.00167001
0.00169655
0.00166386
0.00166204
0.00166344
0.00181109
0.00169089
0.00167504
0.00166246
0.00169815
0.0017036
0.00169431
0.0017358
0.001664
0.00166477
0.00166204
0.00180089
0.0016698
0.00166407
0.00167259
0.00166239
0.00169026
0.00167008
0.00167245
0.00166456
0.00171065
0.00170605
0.00175347
0.00168998
0.0016647
0.00166211
0.00166121
0.00166449
0.00166686
0.00167378
0.00182422
0.00166267
0.00166002
0.00166665
0.00169354
0.00166568
0.00166428
0.00166337
0.00166805
0.00167245
0.00166854
0.00166351
0.00172784
0.00175864
0.00168733
0.0016867
0.00177652
0.00166225
0.00166253
0.00166777
0.0016698
0.00167029
0.00166135
0.00166295
0.00172092
0.0016918
0.00166882
0.00166798
0.00227254
0.0016654
0.00166987
0.00166952
0.00166868
0.00168377
0.00166721
0.00168823
0.00166875
0.00166833
0.00166889
0.00166218
0.00168523
0.00166316
0.00166686
0.00172462
0.00166875
0.00174872
0.00166337
0.00166225
0.00167022
0.00166945
0.00167483
0.00185264
0.00166253
0.00166379
0.00171554
0.0017395
0.00166309
0.00166379
0.00166386
0.00168823
0.00184999
0.00168628
0.00179216
0.00166162
0.00166714
0.00166966
0.00171694
0.00166274
0.00170975
0.00166435
0.00166868
0.00166917
0.0016691
0.00166114
0.00166246
0.00168453
0.00166931
0.0016758
0.00166931
0.00166309
0.00166547
0.00166323
0.00169278
0.00166959
0.00167001
0.00166379
0.00166351
0.00166316
0.00172455
0.00182883
0.00166232
0.0016735
0.00166491
0.00168879
0.00166644
0.00166938
0.00170612
0.00166253
0.00166295
0.00166854
0.00171436
0.00169005
0.00166183
0.00166114
0.00166211
0.00168998
0.00166875
0.00167001
0.00165953
0.00173363
0.00166072
0.0016661
0.00167036
0.00166693
0.00166197
0.00166372
0.00166169
0.0016677
0.00167063
0.00166763
0.0016619
0.00168921
0.00166617
0.00168942
0.00168984
0.00171031
0.00166288
0.00166477
0.00193192
0.00169117
0.00168907
0.00166386
0.0016619
0.00172148
0.00166924
0.00169187
0.00166309
0.0016619
0.00166274
0.00166302
0.00166679
0.0016707
0.00166379
0.00166742
0.00166274
0.00168558
0.00166589
0.00166882
0.00168432
0.00166498
0.00166065
0.00166323
0.00168802
0.00176618
0.00166386
0.00173692
0.00166421
0.00166372
0.00169033
0.00167406
0.00168286
0.00166149
0.00166204
0.00166463
0.00173035
0.00174404
0.00195392
0.00171687
0.00169641
0.00168942
0.00171024
0.00170381
0.00166631
0.0016677
0.00167371
0.00167441
0.00166463
0.00166288
0.00166442
0.00166093
0.00166274
0.00166847
0.00166176
0.00166379
0.00166135
0.00166239
0.00167015
0.00166819
0.00189748
0.00166337
0.00166337
0.00166903
0.00166994
0.00166882
0.00166707
0.00174432
0.0016626
0.00184266
0.00167748
0.00166365
0.00166197
0.00166246
0.00166826
0.00167001
0.00181605
0.001661
0.00166421
0.00166463
0.00166924
0.00167015
0.001661
0.00166156
0.00166156
0.00169117
0.0016647
0.00167049
0.00174809
0.00168488
0.00166498
0.00166959
0.00166672
0.00166812
0.00174991
0.00166323
0.00168495
0.00166882
0.00167112
0.00166561
0.0016654
0.00166197
0.00166344
0.00169187
0.00171038
0.0016918
0.0018333
0.00168523
0.00166267
0.00166903
0.00169089
0.00166295
0.00168775
0.001777
0.00166987
0.00186864
0.00166491
0.00170989
0.00166218
0.0016677
0.00167049
0.00180822
0.00166197
0.00166463
0.00168432
0.00166037
0.0016691
0.00166917
0.00166456
0.00178001
0.00166309
0.00172211
0.00169257
0.00166505
0.00168307
0.00171708
0.00166232
0.0016691
0.00166665
0.00165974
0.00166575
0.00166162
0.00168649
0.00166833
0.00167098
0.00169382
0.00166477
0.00166421
0.00166393
0.00167036
0.00166959
0.00183979
0.00178951
0.00188792
0.00171142
0.00171045
0.00166393
0.0016582
0.00166456
0.00168775
0.00166428
0.00168872
0.00166267
0.00166295
0.00166218
0.00166938
0.00183986
0.00167559
0.00166421
0.00166463
0.00166407
0.00166568
0.0016707
0.00182115
0.00166484
0.00166344
0.00166128
0.00166575
0.00166882
0.00166086
0.00168628
0.00166267
0.00165995
0.00168823
0.00169201
0.001667
0.00168439
0.00166079
0.00193164
0.00168998
0.00167105
0.00181011
0.00166596
0.00167119
0.00167692
0.00176716
0.00170416
0.00168174
0.00166386
0.00168998
0.00168998
0.00166135
0.00166246
0.00166351
0.00166365
0.00166819
0.00166791
0.00166079
0.00166337
0.00168656
0.00166512
0.00166617
0.00166868
0.00166707
0.00166554
0.00166288
0.00168684
0.00175612
0.00169487
0.00165967
0.00166344
0.00166505
0.00168963
0.00169508
0.00166896
0.00166742
0.00166603
0.00168649
0.00166749
0.00172218
0.00166512
0.00165918
0.00168509
0.00166288
0.00166631
0.0016714
0.00166274
0.00168516
0.00173238
0.00170178
0.00177526
0.00178113
0.00166086
0.00166183
0.00168858
0.00174076
0.00169173
0.0016647
0.00166407
0.00166211
0.00166456
0.00166959
0.00170863
0.0016654
0.00170367
0.00166135
0.00183756
0.00174669
0.00169152
0.00170968
0.00166428
0.00168411
0.00173328
0.00169857
0.00171827
0.0016654
0.00166784
0.00173587
0.00194812
0.00166225
0.0016677
0.00166442
0.00168977
0.00166728
0.00166121
0.00166351
0.00166358
0.00166456
0.00169201
0.00168837
0.00169138
0.001661
0.00168544
0.00166309
0.00177512
0.0018928
0.0017534
0.00168048
0.00168789
0.00169019
0.00166693
0.00166093
0.00166128
0.00168816
0.00169194
0.00166756
0.00167015
0.00199009
0.0017182
0.00175717
0.00173475
0.00172434
0.00166386
0.00166156
0.00166128
0.00166742
0.00189204
0.00170947
0.00165967
0.00166253
0.00166917
0.00166924
0.00166798
0.00166225
0.00166463
0.00186033
0.00169145
0.00166784
0.00171429
0.00177582
0.00172972
0.00170144
0.00171065
0.00172791
0.00172616
0.00176346
0.00186738
0.00173887
0.00177903
0.00181263
0.00184748
0.00180361
0.00182031
0.0017798
0.00186375
0.0018377
0.00175773
0.00170898
0.00177051
0.00168551
0.00183532
0.00179796
0.00179705
0.00175947
0.00171443
0.00185188
0.00174439
0.00179419
0.00174111
0.00177917
0.00175088
0.00175095
0.00179363
0.00174585
0.0018451
0.00173992
0.00171904
0.00183686
0.00168879
0.0017145
0.00171568
0.00171687
0.00173412
0.00175927
0.00171505
0.00173042
0.00177484
0.0017886
0.00171596
0.00168174
0.00177875
0.00179209
0.00172497
0.00177561
0.00186885
0.0018435
0.00180396
0.00170625
0.00172888
0.0018942
0.00171624
0.00192298
0.00179677
0.00175913
0.0017805
0.0016619
0.00176129
0.00175759
0.00179593
0.00166197
0.00169424
0.00172427
0.00169138
0.00168754
0.00168265
0.00170081
0.00166421
0.00168845
0.00166763
0.00176115
0.00166372
0.00166533
0.00166742
0.00166707
0.00166211
0.00166197
0.00165953
0.00167287
0.00166791
0.00172455
0.00166274
0.00166009
0.00174348
0.00168684
0.00172364
0.00166183
0.00173664
0.00168956
0.00167685
0.00166114
0.00168439
0.00166128
0.00168286
0.00166805
0.00166987
0.00166023
0.00166121
0.0016619
0.0016647
0.00166994
0.00173231
0.00166072
0.00183609
0.00166267
0.00170842
0.00173782
0.00169229
0.00168523
0.00176346
0.001711
0.00166966
0.00166749
0.00166267
0.00165897
0.00168446
0.00167119
0.00166903
0.00167315
0.00166617
0.00166058
0.00166393
0.00167001
0.00171338
0.00166959
0.00166302
0.00168649
0.00170451
0.00183316
0.00168097
0.00168453
0.00166156
0.00169948
0.00168796
0.00166966
0.00166295
0.00171394
0.00168516
0.00167266
0.00171191
0.00167133
0.00166288
0.0016619
0.00166058
0.00166868
0.00166784
0.00166644
0.00166309
0.00166072
0.00167266
0.00177051
0.00171247
0.00166218
0.00166002
0.00166093
0.00166582
0.00166651
0.00166805
0.00170605
0.00169298
0.00173936
0.00167175
0.00166582
0.00166798
0.0018349
0.00166393
0.00166491
0.0017388
0.0016691
0.00166295
0.00166281
0.00166421
0.00172951
0.00168837
0.0016911
0.00166414
0.00199561
0.0016684
0.00166966
0.00168942
0.00166128
0.00170989
0.00166183
0.00166861
0.0016698
0.00166952
0.0016654
0.0016626
0.00166393
0.00166749
0.00166742
0.00166833
0.00166323
0.00168586
0.00174313
0.00177288
0.00168579
0.00166344
0.00166163
0.00166232
0.00168391
0.00166658
0.00177582
0.00166183
0.00166365
0.00166044
0.0017314
0.00166819
0.00166295
0.00166218
0.00166121
0.00166407
0.00166847
0.00166812
0.0016853
0.00166204
0.00168502
0.00176185
0.00172162
0.00174816
0.0016626
0.00168586
0.00166114
0.00173999
0.00172406
0.00166253
0.00166365
0.00166267
0.00169291
0.00166707
0.00166617
0.00166707
0.00166658
0.0016603
0.00167092
0.00166707
0.00166658
0.00190077
0.00174676
0.00172532
0.00172888
0.00177707
0.00166456
0.00166358
0.00166463
0.00166686
0.00165981
0.00166218
0.0016603
0.0016837
0.00166707
0.00166896
0.00166679
0.0016647
0.001661
0.00166582
0.00167001
0.00166966
0.00167036
0.0016633
0.00166672
0.00168558
0.00166693
0.00167098
0.00169061
0.00166456
0.0016619
0.00174236
0.00167252
0.00169166
0.00167112
0.00168823
0.00166065
0.00166477
0.00166875
0.00166952
0.00166547
0.00166037
0.00168384
0.0018972
0.00166819
0.00166966
0.00166253
0.0017696
0.00172756
0.00172825
0.00177784
0.00166512
0.00166421
0.001686
0.00166631
0.00166861
0.0016934
0.00166295
0.00166128
0.00166414
0.00166631
0.00167029
0.00166959
0.00168879
0.001683
0.001683
0.00166882
0.00167022
0.00167029
0.00168377
0.00174802
0.00179111
0.00168984
0.00169096
0.00167999
0.0016633
0.00166337
0.0016684
0.00166617
0.0016707
0.00166651
0.00179537
0.00166365
0.0017337
0.00166952
0.00170786
0.00165925
0.00166337
0.00166665
0.0016867
0.00166826
0.00172818
0.00170549
0.00166414
0.00170688
0.00177868
0.00166288
0.00166554
0.00168474
0.00166428
0.00169131
0.00166631
0.00166428
0.00166351
0.00166686
0.00166302
0.00168949
0.00168782
0.00166498
0.00165988
0.00166428
0.00166197
0.00173273
0.00172979
0.00169271
0.00178532
0.00177484
0.00168914
0.00168782
0.00178706
0.00166128
0.00166065
0.00173629
0.0016663
0.00166393
0.00166156
0.00166596
