258
437
321
435
333
250
316
275
274
332
440
323
350
339
333
305
343
268
310
313
336
428
261
291
437
293
282
278
325
275
316
385
380
325
338
234
316
260
304
298
425
341
270
358
336
445
288
307
333
419
264
458
298
344
358
324
401
347
302
334
325
415
315
325
416
364
306
313
310
371
364
341
289
345
381
339
286
321
349
328
259
374
328
260
433
320
315
254
313
280
358
226
363
257
286
305
368
307
343
250
358
362
261
292
383
315
332
390
361
448
288
376
309
324
293
287
332
392
357
333
389
382
349
355
328
353
344
293
322
351
295
321
476
249
341
401
296
348
329
266
311
374
524
290
294
320
375
277
325
392
404
288
331
296
232
355
293
351
302
271
357
326
385
284
309
330
287
290
422
364
372
551
215
306
266
358
381
355
279
259
206
430
306
259
340
318
259
292
307
335
348
288
249
281
306
316
394
245
347
289
390
458
326
232
339
294
365
360
269
237
356
374
409
280
327
265
283
387
286
293
362
245
241
296
256
320
489
371
261
271
338
378
248
277
276
301
410
399
342
446
271
293
336
372
256
304
410
280
439
349
367
280
431
298
406
308
367
306
333
450
227
318
430
291
340
293
306
381
304
361
362
395
317
394
271
258
247
292
328
375
378
301
317
339
317
333
499
316
281
295
369
301
371
581
403
344
367
441
328
375
288
355
259
340
362
266
236
411
380
297
328
316
368
431
345
362
249
298
309
277
330
289
312
276
373
275
300
332
258
234
373
364
336
322
349
407
295
352
492
379
298
307
241
298
336
376
281
242
296
357
315
310
408
315
285
324
281
338
332
386
363
288
320
308
240
315
313
272
353
314
349
286
259
352
285
310
303
293
355
244
329
289
251
310
311
329
476
391
372
270
250
361
322
293
417
258
349
380
323
274
304
407
381
336
359
265
359
337
343
292
311
338
271
518
335
263
315
305
279
348
378
269
282
407
281
335
332
397
288
275
304
427
282
292
379
368
306
339
240
295
273
295
286
323
337
327
383
276
286
390
225
236
238
287
383
326
295
297
359
214
240
261
332
357
291
310
344
251
291
257
303
307
275
395
394
258
280
267
332
333
357
253
422
294
290
276
251
211
356
297
358
489
380
280
375
400
427
233
337
359
260
288
371
311
356
429
346
340
454
340
323
321
337
354
237
365
339
307
287
267
274
316
304
230
301
353
325
344
324
285
249
224
335
280
306
333
450
333
236
346
408
306
205
357
247
343
324
432
476
257
442
364
250
324
392
278
286
332
334
495
315
436
243
258
313
309
297
311
268
302
347
259
277
315
343
303
314
369
363
234
436
314
360
384
321
458
312
269
418
279
301
329
306
259
321
434
411
362
300
294
261
264
380
360
478
352
233
280
297
471
263
415
330
317
340
329
406
360
291
300
238
347
346
425
492
348
319
356
287
298
319
272
294
281
235
265
271
264
286
365
296
296
351
294
327
318
519
330
309
305
305
375
302
368
283
267
264
367
350
327
323
332
322
430
267
339
280
298
306
290
283
395
321
243
274
404
436
300
414
332
306
252
369
343
333
334
336
272
411
373
272
303
378
288
540
264
324
398
325
372
194
302
291
281
382
350
309
362
391
256
256
407
271
309
358
283
288
249
296
280
317
348
286
324
260
354
263
248
269
345
328
318
255
403
390
306
336
340
293
327
331
412
428
294
397
307
309
347
430
325
311
271
276
307
367
406
249
304
255
457
302
355
451
314
290
448
345
365
403
286
267
250
272
442
331
306
312
256
410
365
282
423
301
345
267
342
398
288
367
368
374
301
341
250
313
305
350
305
298
301
327
310
325
306
338
248
321
432
330
300
334
277
282
335
305
315
250
287
461
384
342
308
325
324
327
322
419
242
308
362
320
277
308
301
372
374
420
433
267
350
355
341
318
285
284
317
302
268
322
272
325
229
378
366
337
320
310
349
275
323
354
243
363
301
390
336
270
256
289
308
289
419
280
388
378
354
245
262
277
367
304
512
307
328
278
364
254
256
264
307
323
394
322
385
290
294
427
275
307
357
275
320
387
356
338
312
299
267
282
245
328
350
273
232
248
258
257
396
317
288
351
330
236
307
282
356
348
227
283
385
340
468
441
306
283
262
313
289
296
343
289
450
275
364
214
357
369
531
353
335
360
380
326
456
269
340
354
357
379
268
224
345
361
291
433
298
323
299
287
304
288
313
259
358
396
321
273
355
391
245
269
281
429
364
343
366
388
258
282
313
307
388
291
318
228
411
335
303
334
284
