0.0014938
0.00166268
0.00134909
0.00138673
0.00147529
0.00142696
0.00157314
0.00136096
0.00133784
0.00140629
0.00136229
0.00142019
0.00147103
0.00134455
0.00133107
0.00137563
0.00154458
0.00140587
0.00133267
0.00134734
0.00148332
0.00134517
0.00135935
0.00140747
0.00136424
0.0013143
0.00135775
0.0014792
0.00134545
0.00133931
0.00131905
0.00149883
0.001315
0.00131507
0.00131996
0.00157957
0.00135956
0.00140328
0.00172435
0.0013671
0.00133393
0.00135551
0.00146216
0.00132317
0.00132164
0.00135474
0.00149254
0.00140405
0.00133805
0.0013398
0.00136927
0.00132583
0.00132639
0.00137213
0.00140007
0.00134664
0.00134692
0.00145657
0.00133994
0.00130606
0.00133651
0.00144749
0.00130879
0.00133917
0.00133498
0.0013449
0.00131081
0.00136131
0.00133568
0.00144721
0.00132178
0.00134294
0.00148311
0.00137521
0.00138827
0.00135865
0.00149603
0.00136368
0.00133658
0.00135621
0.00134413
0.00132701
0.00135481
0.00148381
0.00142724
0.00137947
0.00136012
0.00142242
0.00133393
0.00129747
0.00135907
0.0015862
0.00136487
0.00136703
0.00138352
0.00133323
0.00161232
0.00135544
0.00149967
0.00135307
0.00137353
0.0013377
0.00158634
0.00133128
0.00133079
0.001353
0.00155233
0.00136759
0.00142347
0.00143248
0.00135223
0.00134971
0.00133428
0.00147194
0.00132736
0.0013435
0.00135118
0.00152698
0.00134447
0.00132869
0.00138931
0.00154604
0.00135013
0.00138443
0.00147306
0.00135062
0.00136187
0.00134056
0.00143276
0.00143827
0.00135949
0.00136396
0.00142605
0.00170668
0.00183275
0.00170458
0.00134706
0.00143143
0.00144058
0.00134769
0.00136634
0.00134594
0.00146621
0.00134287
0.00135844
0.00133309
0.00147969
0.00134909
0.00133183
0.00135006
0.00138687
0.00132988
0.00136655
0.00145154
0.00141446
0.00136906
0.00137611
0.00134622
0.00133058
0.00133072
0.00134273
0.00150295
0.00136613
0.0013539
0.00133246
0.00137625
0.00134371
0.00131577
0.00134741
0.00134022
0.00132317
0.00134042
0.00139155
0.00137535
0.00134042
0.00132729
0.0013208
0.00135342
0.00143702
0.00133372
0.00153305
0.00137367
0.00132632
0.00134378
0.00140363
0.0013245
0.0013539
0.00136354
0.00136396
0.00137158
0.00135551
0.0013773
0.00140231
0.00132736
0.00134888
0.00140831
0.00134685
0.0013801
0.00139113
0.00146852
0.00134175
0.00134922
0.00131863
0.00158732
0.00143185
0.00137751
0.00131696
0.00134489
0.00132185
0.00131354
0.00134888
0.0013715
0.00134559
0.00134287
0.00133616
0.00136068
0.0013759
0.00135048
0.00145008
0.00137046
0.00134867
0.00136997
0.00147236
0.00131793
0.00132708
0.00132359
0.00143101
0.0014396
0.00136257
0.0013583
0.00131542
0.00133002
0.00133232
0.00133086
0.00132911
0.00132694
0.00133183
0.00138436
0.00137863
0.00130592
0.00144784
0.00153983
0.00136627
0.00136522
0.00134308
0.00141571
0.0016573
0.00132178
0.00134084
0.00138938
0.00132317
0.0013245
0.00132604
0.00134783
0.00133896
0.00148563
0.00149128
0.00136676
0.00136061
0.0013824
0.00142095
0.00133882
0.00134357
0.0013384
0.00135041
0.00132185
0.00131612
0.00137032
0.00138024
0.00146649
0.00135418
0.00144547
0.00140028
0.00137004
0.00135111
0.00155889
0.0013882
0.00133135
0.00139937
0.00137157
0.00132324
0.00138827
0.00140119
0.00142431
0.00132611
0.00132436
0.00135377
0.00143269
0.0013662
0.00132897
0.00141879
0.00137786
0.00132324
0.00139106
0.0014688
0.00135432
0.00146481
0.00133155
0.0014873
0.00137423
0.00137674
0.00139092
0.00140587
0.00138547
0.00134022
0.00147341
0.0013516
0.00131842
0.00135635
0.0015531
0.00136438
0.00136305
0.00133169
0.00153082
0.00135146
0.0013486
0.00144833
0.0013956
0.00137388
0.00135376
0.00148975
0.00133337
0.00130278
0.00136655
0.00148723
0.00132848
0.00139183
0.0013641
0.00143164
0.00137241
0.00134189
0.00145413
0.00134811
0.00134538
0.00133567
0.0014996
0.00133442
0.00138436
0.00135328
0.0015656
0.00137702
0.00137255
0.00135034
0.00144512
0.00134203
0.00135363
0.00144973
0.00136927
0.00135844
0.00139595
0.00148556
0.00134455
0.00134406
0.00132883
0.00152732
0.0013713
0.00133952
0.0014278
0.00156644
0.00150979
0.00160506
0.00149806
0.00150023
0.00135502
0.00135551
0.00146069
0.00133442
0.00134985
0.00143255
0.00137751
0.00134378
0.0013546
0.00148144
0.00152837
0.00135293
0.00133658
0.00153221
0.00140342
0.00132876
0.00134406
0.00137716
0.00131807
0.00131319
0.00148109
0.00136669
0.00141215
0.00156483
0.00145706
0.00135355
0.00138904
0.00134343
0.00133665
0.00132876
0.0013625
0.00138617
0.00133756
0.00454007
0.00132129
0.00133058
0.00461843
0.00142591
0.00145308
0.00466641
0.00147899
0.00132548
0.00145553
0.001359
0.0013238
0.00135712
0.00142417
0.00135104
0.00148207
0.00137458
0.00139218
0.00177659
0.00135886
0.00144009
0.00132778
0.00136208
0.0013347
0.00136208
0.0013435
0.00143311
0.00132178
0.00142012
0.00142305
0.00135579
0.00137346
0.00143499
0.00134922
0.0013414
0.00139406
0.00135132
0.00135984
0.0013801
0.00145385
0.00134063
0.00133658
0.00150672
0.00135404
0.00133309
0.00145825
0.00135865
0.00140007
0.00136717
0.00144924
0.00132848
0.00135991
0.00139616
0.00147878
0.00138177
0.00138897
0.00136243
0.00147019
0.00135782
0.00134357
0.00145671
0.00139532
0.00139504
0.00133009
0.00147781
0.00131989
0.00138638
0.00138477
0.00143178
0.00137681
0.0013634
0.00139567
0.00141132
0.0013574
0.0013773
0.00141725
0.0013495
0.00133156
0.00134238
0.00154604
0.00134573
0.00137032
0.00154073
0.00148458
0.00139295
0.00146216
0.00142556
0.0013449
0.00134867
0.00136676
0.00134482
0.00136613
0.00136613
0.0013361
0.00138436
0.00133686
0.00148779
0.00138596
0.00135816
0.00142095
0.00147522
0.00135949
0.00135027
0.00130788
0.00137458
0.00134042
0.00137437
0.0013516
0.00137947
0.00134615
0.00135865
0.00137213
0.00132394
0.00133121
0.00135816
0.00144002
0.00132171
0.00134008
0.0013618
0.001658
0.00136096
0.00134664
0.00137507
0.00151622
0.00137039
0.00134378
0.00134664
0.00140587
0.00483655
0.00135984
0.00146523
0.00135153
0.00143101
0.00141739
0.00135775
0.00135977
0.00136201
0.00236006
0.00139693
0.00131612
0.00144484
0.00135823
0.00133882
0.00132974
0.00134245
0.00139567
0.00134762
0.00137863
0.0014074
0.00135083
0.00131186
0.00155603
0.00139588
0.00133106
0.00135949
0.00159668
0.00129195
0.00136005
0.00141446
0.00142019
0.0013641
0.00131354
0.00135439
0.0013143
0.00136124
0.00137102
0.00139567
0.00136536
0.00137905
0.00134483
0.00148416
0.00136361
0.00146426
0.0013187
0.00142298
0.00138442
0.0016844
0.00142815
0.00136766
0.00136759
0.00147536
0.001617
0.00136655
0.00136494
0.00134447
0.00139525
0.00133707
0.00136829
0.00135425
0.00134545
0.00134434
0.00136738
0.00135404
0.00135474
0.00134727
0.00142172
0.00132499
0.0014125
0.0014044
0.00135188
0.0014688
0.00141083
0.00145601
0.00133065
0.00132219
0.00135097
0.0013356
0.00134909
0.00139148
0.00139993
0.00144302
0.00134238
0.00133281
0.00141439
0.00147843
0.00134161
0.00134119
0.00139595
0.00142123
0.00135942
0.00134231
0.0014023
0.00132255
0.00137947
0.00137737
0.00143771
0.0013817
0.00132925
0.00133107
0.00142019
0.0013567
0.00134922
0.00143534
0.00142731
0.00145832
0.00140293
0.00141509
0.00140042
0.00134126
0.00133875
0.00148144
0.00134727
0.00132003
0.00142403
0.00151175
0.0014894
0.00133121
0.00134678
0.00140119
0.00132317
0.00136312
0.00150148
0.00137563
0.0014058
0.00134971
0.0014528
0.0013509
0.00134629
0.00133714
0.00138303
0.00135076
0.00132534
0.00137011
0.00139609
0.00134888
0.00145141
0.00138841
0.00141802
0.00141516
0.00137982
0.00139071
0.00135104
0.00134245
0.00134545
0.0014366
0.00140468
0.00132653
0.00138708
0.00143786
0.00133805
0.00136892
0.00148109
0.00136794
0.00132471
0.00142829
0.00140824
0.00135041
0.00136634
0.0013451
0.001381
0.00141662
0.00142773
0.00132576
0.00138107
0.00137605
0.00134447
0.00146035
0.00130746
0.00135984
0.00135677
0.00138086
0.00136717
0.00142843
0.00137402
0.00137116
0.00133686
0.00134008
0.00134497
0.00137898
0.00134154
0.0013516
0.00143772
0.00136389
0.00134252
0.00144274
0.00139469
0.00138442
0.00132534
0.00134538
0.0013685
0.00132869
0.00134804
0.00133281
0.00133987
0.00136801
0.00135355
0.00146391
0.00137423
0.00133044
0.00135802
0.00138065
0.00135705
0.00131479
0.00140377
0.00137206
0.00140803
0.00135153
0.0013794
0.00144666
0.00138589
0.00143401
0.00148744
0.0013787
0.00135691
0.00137346
0.00139364
0.00133183
0.00135027
0.0013919
0.00140671
0.00140643
0.00138149
0.00139392
0.00134364
0.00138568
0.00133658
0.001403
0.00138058
0.00135663
0.00135237
0.00140007
0.0013875
0.00134741
0.00137996
0.00142361
0.00136536
0.00137109
0.00147361
0.00138575
0.00138743
0.00138869
0.00149527
0.00137276
0.00141292
0.00138219
0.0013963
0.00137185
0.00137877
0.00134916
0.00138289
0.00133882
0.00134196
0.00140021
0.0013222
0.0014204
0.00143674
0.00144924
0.00130886
0.00135363
0.00134797
0.00140803
0.0013479
0.00131368
0.00157007
0.00141418
0.00132792
0.00129307
0.00147033
0.00138003
0.00161609
0.00150924
0.00149555
0.00136389
0.00140587
0.00152509
0.00141655
0.00133973
0.00147955
0.00144149
0.00143415
0.00133309
0.00137213
0.00132394
0.00156064
0.00141991
0.00150875
0.00135013
0.00133777
0.00138031
0.00149576
0.00136005
0.00137507
0.00136522
0.00133009
0.00133679
0.00188513
0.00144246
0.00144253
0.00134839
0.00133442
0.00150965
0.00140636
0.00134846
0.00132045
0.00139874
0.00137248
0.00133169
0.00135216
0.00136201
0.0013824
0.00137402
0.00140859
0.0014023
0.0013465
0.00131696
0.00151685
0.00138492
0.00146118
0.00131773
0.00137639
0.00136284
0.00133121
0.00140754
0.00134077
0.00141669
0.00145392
0.00158781
0.00137898
0.00135411
0.00137912
0.00154017
0.00137004
0.00136724
0.00133784
0.0013963
0.00140894
0.00134601
0.00136634
0.0013157
0.00147334
0.00134399
0.0014558
0.00133253
0.00137479
0.00133679
0.00136354
0.00140859
0.00142347
0.00138694
0.00138694
0.00138079
0.00140475
0.00149066
0.00132394
0.00134287
0.00144295
0.00149436
0.00134322
0.00133861
0.00136878
0.00136019
0.00135467
0.00137123
0.00142312
0.00144351
0.00132632
0.00135083
0.00155603
0.00135272
0.00139385
0.00137625
0.00154849
0.00135383
0.00143185
0.00137681
0.00142989
0.00138282
0.0013553
0.00136229
0.00134322
0.00131011
0.00133183
0.00148186
0.00141167
0.00133749
0.00133623
0.00134629
0.00134126
0.00133225
0.001378
0.00136466
0.00141774
0.00132716
0.00134552
0.00149541
0.00139818
0.00142256
0.0014315
0.00133665
0.00133086
0.00136578
0.00136941
0.00133288
0.00141872
0.00142773
0.00135146
0.00132932
0.00131284
0.00151538
0.00138177
0.00137472
0.00135153
0.00139686
0.00135377
0.0013259
0.00145245
0.00139169
0.00139518
0.00144784
0.00144924
0.00147913
0.0013428
0.00134818
0.00155673
0.00146412
0.00134531
0.00132932
0.00145741
0.00132757
0.00135363
0.00139413
0.00146419
0.00133595
0.00139211
0.00153207
0.00142479
0.0013502
0.0013238
0.00147138
0.00133505
0.00142989
0.00135851
0.00146495
0.00140042
0.0013479
0.00139742
0.00134615
0.00141599
0.00135935
0.00151259
0.00132408
0.00136913
0.00131856
0.00145615
0.00134657
0.00132834
0.00136613
0.00139057
0.00137912
0.00139469
0.00140237
0.00143876
0.00143276
0.00131437
0.0013875
0.00141264
0.00136347
0.00132192
0.00145001
0.00136096
0.00133183
0.00134224
0.00144561
0.00139909
