1000 0.000289
2000 0.000528
3000 0.000682
4000 0.000863
5000 0.001052
6000 0.001258
7000 0.001511
8000 0.00167
9000 0.00203
10000 0.002142
11000 0.002329
12000 0.002487
13000 0.002739
14000 0.002904
15000 0.003192
16000 0.003448
17000 0.003624
18000 0.007157
19000 0.004095
20000 0.00427
21000 0.007661
22000 0.004901
23000 0.007865
24000 0.005861
25000 0.005244
26000 0.008799
27000 0.006139
28000 0.009001
29000 0.006351
30000 0.009662
31000 0.006454
32000 0.006604
33000 0.007003
34000 0.007017
35000 0.007225
36000 0.011796
37000 0.007634
38000 0.007836
39000 0.008067
40000 0.008256
41000 0.008615
42000 0.008754
43000 0.009122
44000 0.009254
45000 0.009387
46000 0.009506
47000 0.009699
48000 0.009893
49000 0.010106
50000 0.010328
51000 0.01075
52000 0.010765
53000 0.011094
54000 0.014957
55000 0.011607
56000 0.011709
57000 0.013125
58000 0.015145
59000 0.012207
60000 0.012408
61000 0.012637
62000 0.012803
63000 0.013003
64000 0.013929
65000 0.013719
66000 0.013706
67000 0.01405
68000 0.014053
69000 0.014242
70000 0.018042
71000 0.014652
72000 0.015024
73000 0.019626
74000 0.015332
75000 0.015477
76000 0.015665
77000 0.015888
78000 0.016091
79000 0.016318
80000 0.016786
81000 0.016706
82000 0.016916
83000 0.021389
84000 0.017313
85000 0.017653
86000 0.017806
87000 0.017948
88000 0.018119
89000 0.018332
90000 0.018604
91000 0.018759
92000 0.019084
93000 0.01913
94000 0.02005
95000 0.019565
96000 0.019788
97000 0.02
98000 0.020181
99000 0.020493
100000 0.020806
