1000 0.000891
2000 0.00165
3000 0.002486
4000 0.003619
5000 0.00299
6000 0.003357
7000 0.003904
8000 0.004164
9000 0.004378
10000 0.004711
11000 0.005167
12000 0.005516
13000 0.005757
14000 0.005755
15000 0.006158
16000 0.006189
17000 0.006526
18000 0.006578
19000 0.006815
20000 0.006926
21000 0.007044
22000 0.007232
23000 0.007227
24000 0.007413
25000 0.007486
26000 0.007536
27000 0.007694
28000 0.007544
29000 0.006279
30000 0.006336
31000 0.006686
32000 0.006785
33000 0.007526
34000 0.007214
35000 0.007625
36000 0.007747
37000 0.007959
38000 0.008061
39000 0.008119
40000 0.008242
41000 0.008468
42000 0.008678
43000 0.008856
44000 0.009553
45000 0.009266
46000 0.009469
47000 0.009825
48000 0.009972
49000 0.010092
50000 0.010292
51000 0.010525
52000 0.010706
53000 0.010911
54000 0.011135
55000 0.011914
56000 0.011993
57000 0.012139
58000 0.012324
59000 0.012586
60000 0.012906
61000 0.013193
62000 0.013201
63000 0.013349
64000 0.013403
65000 0.013545
66000 0.01361
67000 0.013815
68000 0.013999
69000 0.0142
70000 0.01443
71000 0.015666
72000 0.01501
73000 0.015015
74000 0.01525
75000 0.01543
76000 0.015657
77000 0.016007
78000 0.01627
79000 0.016316
80000 0.016477
81000 0.016684
82000 0.016897
83000 0.017724
84000 0.017463
85000 0.018685
86000 0.018242
87000 0.017897
88000 0.01815
89000 0.018355
90000 0.018641
91000 0.018865
92000 0.021295
93000 0.019598
94000 0.020331
95000 0.020256
96000 0.020348
97000 0.02041
98000 0.02058
99000 0.021266
100000 0.021055
