1000 0.000301
2000 0.000574
3000 0.000859
4000 0.001146
5000 0.001442
6000 0.001718
7000 0.002012
8000 0.002361
9000 0.002284
10000 0.002284
11000 0.002518
12000 0.002741
13000 0.00299
14000 0.003164
15000 0.003533
16000 0.003572
17000 0.003783
18000 0.003959
19000 0.004177
20000 0.004328
21000 0.004469
22000 0.00468
23000 0.005076
24000 0.004977
25000 0.005168
26000 0.005375
27000 0.005601
28000 0.006002
29000 0.006016
30000 0.006343
31000 0.006425
32000 0.006609
33000 0.006836
34000 0.007023
35000 0.007228
36000 0.007431
37000 0.00767
38000 0.007878
39000 0.008377
40000 0.008273
41000 0.008525
42000 0.008666
43000 0.009044
44000 0.009119
45000 0.009405
46000 0.009514
47000 0.009693
48000 0.009903
49000 0.010109
50000 0.010352
51000 0.010516
52000 0.010723
53000 0.011077
54000 0.011176
55000 0.01136
56000 0.011594
57000 0.011816
58000 0.011959
59000 0.01257
60000 0.012372
61000 0.012835
62000 0.013077
63000 0.01313
64000 0.01339
65000 0.013397
66000 0.013624
67000 0.013836
68000 0.014016
69000 0.014533
70000 0.014467
71000 0.014659
72000 0.014847
73000 0.015052
74000 0.01577
75000 0.015642
76000 0.01605
77000 0.015999
78000 0.016109
79000 0.016288
80000 0.016951
81000 0.016837
82000 0.017777
83000 0.017731
84000 0.017394
85000 0.017525
86000 0.01831
87000 0.018095
88000 0.018155
89000 0.018491
90000 0.018541
91000 0.018743
92000 0.020327
93000 0.019672
94000 0.019791
95000 0.019778
96000 0.020229
97000 0.020471
98000 0.020684
99000 0.021054
100000 0.020882
