1 1e-06
6 1e-06
9 1e-06
11 2e-06
13 1e-06
17 2e-06
21 1e-06
27 5e-06
30 2e-06
33 3e-06
35 4e-06
37 2e-06
44 2e-06
47 2e-06
49 3e-06
51 4e-06
53 3e-06
55 4e-06
57 1e-06
59 2e-06
61 3e-06
63 2e-06
64 3e-06
67 5e-06
70 2e-06
71 4e-06
74 2e-06
75 5e-06
77 1e-06
79 6e-06
83 2e-06
85 6e-06
87 6e-06
89 6e-06
92 1e-06
93 2e-06
94 3e-06
95 7e-06
98 1e-06
99 7e-06
101 2e-06
102 5e-06
103 6e-06
107 7e-06
109 7e-06
111 4e-06
115 3e-06
117 8e-06
119 8e-06
122 4e-06
123 8e-06
126 3e-06
128 3e-06
131 8e-06
133 9e-06
135 5e-06
137 8e-06
139 9e-06
142 4e-06
143 1.2e-05
146 5e-06
147 9e-06
150 4e-06
151 1e-05
153 9e-06
155 6e-06
158 3e-06
160 5e-06
163 1.1e-05
166 2e-06
167 6e-06
169 1e-05
171 6e-06
173 1e-05
175 7e-06
177 1e-05
179 6e-06
183 1e-05
185 1.2e-05
187 1.1e-05
189 1e-06
190 7e-06
191 1.1e-05
194 1e-06
197 5e-06
198 6e-06
199 1.2e-05
205 1.4e-05
207 1.3e-05
210 1e-06
211 1.3e-05
213 1.4e-05
215 7e-06
217 1.3e-05
219 7e-06
221 1.4e-05
223 7e-06
227 1.3e-05
229 1.5e-05
231 7e-06
233 2e-06
235 8e-06
238 2e-06
239 1.5e-05
241 1.5e-05
243 8e-06
245 1.5e-05
247 1.7e-05
249 1.5e-05
253 2e-06
254 8e-06
255 1.6e-05
257 1.6e-05
259 8e-06
261 1.6e-05
263 1.7e-05
266 2e-06
267 1.6e-05
269 5e-06
271 9e-06
273 1.6e-05
275 1.9e-05
277 5e-06
278 9e-06
279 1.7e-05
281 3e-06
283 9e-06
286 4e-06
287 9e-06
290 6e-06
293 1.8e-05
295 1.9e-05
297 2e-06
298 9e-06
299 1.8e-05
301 6e-06
303 9e-06
304 1e-05
307 2e-06
309 1.8e-05
311 1e-05
314 1.1e-05
315 1.9e-05
318 1e-06
319 1e-05
321 2.2e-05
323 1.9e-05
325 5e-06
326 1.1e-05
327 1.9e-05
329 2e-05
332 1e-05
335 2.1e-05
337 1.9e-05
339 2e-05
341 6e-06
343 1.1e-05
346 3e-06
347 1.1e-05
349 2.2e-05
351 2.4e-05
353 2e-05
356 1.1e-05
360 6e-06
361 2.1e-05
363 1.2e-05
365 2.3e-05
367 1.1e-05
369 2e-06
371 1.2e-05
374 6e-06
375 2.3e-05
379 1.1e-05
382 4e-06
383 2.4e-05
389 2.3e-05
391 2.3e-05
395 2.4e-05
397 2.4e-05
399 2.4e-05
401 2.4e-05
403 2.4e-05
407 2.5e-05
409 2.5e-05
411 2.4e-05
413 2.4e-05
418 7e-06
419 1.4e-05
421 2.5e-05
423 1.3e-05
426 1e-06
427 2.5e-05
431 7e-06
434 1.3e-05
435 2.7e-05
437 2.6e-05
439 1.3e-05
441 2.7e-05
443 1.4e-05
445 7e-06
446 1.4e-05
447 2.6e-05
451 2.8e-05
453 7e-06
454 1.4e-05
455 2.8e-05
457 2.7e-05
459 2.7e-05
461 3.8e-05
465 4.6e-05
467 2.7e-05
469 2.8e-05
473 2.7e-05
475 2.8e-05
478 8e-06
479 2.8e-05
481 2.9e-05
483 2.8e-05
485 8e-06
487 1.5e-05
491 4e-06
493 8e-06
494 1.5e-05
495 2.9e-05
499 2.9e-05
502 2e-06
503 2.8e-05
505 4e-06
507 1.5e-05
509 8e-06
510 1.5e-05
511 3e-05
513 3e-05
515 3e-05
517 2.9e-05
519 2.9e-05
523 3e-05
525 3.3e-05
527 1.5e-05
528 1.6e-05
531 3e-05
533 3.3e-05
535 3e-05
537 3e-05
539 3.1e-05
541 1.2e-05
542 1.6e-05
543 3e-05
548 8e-06
549 3.2e-05
551 3.2e-05
553 3.1e-05
555 3.2e-05
559 3.1e-05
561 3.6e-05
566 1e-06
567 1.7e-05
569 3.2e-05
572 1.6e-05
574 1.7e-05
575 3.4e-05
579 1.6e-05
580 1.7e-05
583 3.3e-05
588 4e-06
589 3.8e-05
591 3.3e-05
595 3.5e-05
598 1e-05
599 3.6e-05
601 3.3e-05
603 3.7e-05
607 9e-06
608 1e-05
609 3.4e-05
611 3.5e-05
615 3.6e-05
619 3.6e-05
621 3.6e-05
623 3.9e-05
627 1.8e-05
629 3.6e-05
631 1.9e-05
635 1e-06
636 4e-06
637 4.6e-05
639 2e-05
641 3.9e-05
644 1.8e-05
647 1.9e-05
649 4e-05
651 3.8e-05
653 3.8e-05
655 3.9e-05
657 3.9e-05
659 3e-06
661 2e-06
662 1e-05
663 4.2e-05
667 4e-05
669 3.9e-05
671 4e-05
673 4.1e-05
675 2e-05
678 1.2e-05
679 4.3e-05
681 4e-05
687 6e-06
689 4.1e-05
693 4e-05
695 4.2e-05
697 4.3e-05
699 4.2e-05
701 4.1e-05
703 1.9e-05
705 4.2e-05
707 4e-05
709 4.2e-05
713 4.1e-05
715 4.2e-05
717 1e-05
718 2.3e-05
719 4.5e-05
722 1e-06
723 2.2e-05
725 4.3e-05
727 5.1e-05
729 4.4e-05
731 4.6e-05
733 4.5e-05
735 4.2e-05
737 4.2e-05
741 4.3e-05
743 2.2e-05
744 3.1e-05
747 6e-06
750 2.5e-05
751 4.1e-05
753 1e-06
754 2.1e-05
755 4.2e-05
757 4.2e-05
760 2.1e-05
762 2.2e-05
763 4.5e-05
765 4.2e-05
767 2.2e-05
769 4.2e-05
771 4.2e-05
775 4.5e-05
779 2.1e-05
781 6e-06
783 2.3e-05
785 4.3e-05
787 4.4e-05
789 4.6e-05
791 4.5e-05
793 3e-06
795 2.3e-05
798 7e-06
799 2.3e-05
806 1.2e-05
807 2.4e-05
809 4.8e-05
811 4.7e-05
813 4.7e-05
817 4.6e-05
819 7.5e-05
821 8.3e-05
823 6.2e-05
825 4.7e-05
827 5.9e-05
829 1.3e-05
831 2.3e-05
833 4.7e-05
835 2.6e-05
837 4.7e-05
839 4.9e-05
844 6e-06
845 4.9e-05
847 2.3e-05
849 4.9e-05
852 2.5e-05
854 1.3e-05
855 2.4e-05
859 5e-05
861 4.8e-05
863 2.5e-05
865 5.1e-05
867 5.3e-05
869 1e-06
873 4.9e-05
875 5e-05
878 1.3e-05
881 5.1e-05
883 2.5e-05
885 1.7e-05
886 2.7e-05
887 5.1e-05
889 5e-05
892 1e-06
893 8e-06
895 2.6e-05
899 5.4e-05
901 1.4e-05
902 2.5e-05
903 5.4e-05
905 6e-06
906 2.7e-05
907 5.2e-05
909 5.5e-05
911 5.3e-05
915 5.9e-05
919 6.5e-05
921 8e-06
923 1.1e-05
924 6.2e-05
926 2.4e-05
927 4.9e-05
929 4.7e-05
931 4.6e-05
933 5.3e-05
937 5e-05
939 4.7e-05
941 5e-05
943 4.5e-05
945 4e-06
946 2.3e-05
947 4.6e-05
951 4.9e-05
954 2.3e-05
955 4.7e-05
957 4.6e-05
959 4.6e-05
962 2.3e-05
963 4.9e-05
965 4.7e-05
969 4.7e-05
971 2.3e-05
976 1.5e-05
977 4.7e-05
979 4.7e-05
982 3e-06
983 4.8e-05
987 2.4e-05
990 1.2e-05
991 4.9e-05
993 1e-06
995 4.8e-05
997 4.6e-05
999 5e-05
1003 4.7e-05
1005 1.2e-05
1006 2.3e-05
1007 4.7e-05
1010 2.4e-05
1011 5e-05
1013 1.3e-05
1014 2.4e-05
1015 4.8e-05
1017 4.7e-05
1019 2.6e-05
1021 6e-06
1022 2.5e-05
1023 4.7e-05
1025 4.8e-05
1027 2.4e-05
1029 5.1e-05
1031 2.4e-05
1032 2.5e-05
1035 4.9e-05
1039 2.5e-05
1041 5.2e-05
1043 4.8e-05
1046 1.3e-05
1047 2.5e-05
1050 2.5e-05
1051 5.1e-05
1053 5e-05
1055 5e-05
1057 5.1e-05
1059 2.7e-05
1061 4.9e-05
1063 2.4e-05
1066 2.6e-05
1067 5e-05
1069 4.9e-05
1071 5.1e-05
1073 5.1e-05
1075 5.3e-05
1077 5e-05
1079 5.1e-05
1081 5.3e-05
1083 1e-06
1084 2.6e-05
1087 5e-05
1089 1e-06
1091 2.5e-05
1093 5.5e-05
1095 1.3e-05
1096 2.5e-05
1099 2.6e-05
1102 1e-06
1103 5.1e-05
1105 5.2e-05
1107 5.5e-05
1109 5.1e-05
1111 4.1e-05
1113 5.3e-05
1115 3e-05
1118 1.3e-05
1119 5.3e-05
1121 5.3e-05
1123 2.9e-05
1127 5.1e-05
1129 5.3e-05
1133 7e-06
1134 2.8e-05
1135 5.5e-05
1139 2.6e-05
1141 5.3e-05
1143 5.4e-05
1145 5.6e-05
1147 5.3e-05
1149 5.4e-05
1151 5.4e-05
1154 2.7e-05
1155 5.4e-05
1157 5.7e-05
1159 5.4e-05
1162 2.8e-05
1163 5.4e-05
1166 3e-05
1167 5.4e-05
1169 4e-06
1170 2.8e-05
1171 5.4e-05
1173 5.7e-05
1177 5.5e-05
1181 5.6e-05
1183 2.8e-05
1187 5.8e-05
1189 1e-06
1190 2.9e-05
1191 5.6e-05
1194 8e-06
1195 2.8e-05
1199 5.8e-05
1201 5.7e-05
1203 2.9e-05
1206 4e-06
1207 1.4e-05
1208 2.9e-05
1211 6e-05
1213 5.7e-05
1215 1e-06
1216 3.1e-05
1218 2.8e-05
1219 6.1e-05
1222 1.5e-05
1223 5.8e-05
1225 5.7e-05
1227 6.1e-05
1229 5.9e-05
1231 1e-06
1232 3e-05
1234 1e-06
1235 6e-05
1237 5.8e-05
1240 8e-06
1241 5.9e-05
1243 6.1e-05
1247 5.8e-05
1250 1e-06
1251 5.9e-05
1253 6.2e-05
1256 1e-06
1257 1.5e-05
1259 5.9e-05
1262 2.9e-05
1263 6.1e-05
1266 1e-06
1267 6e-05
1269 5.8e-05
1271 3e-05
1273 1e-06
1275 6.1e-05
1278 1.6e-05
1279 5.8e-05
1282 3e-05
1283 6.2e-05
1285 6e-05
1287 6.7e-05
1289 1e-06
1290 9e-06
1291 3.3e-05
1294 3e-05
1295 6e-05
1299 3e-05
1301 6.2e-05
1305 6.1e-05
1309 8e-06
1311 1.5e-05
1312 1.6e-05
1313 6.3e-05
1315 6.2e-05
1317 6.2e-05
1319 3.3e-05
1321 6.1e-05
1323 3e-05
1325 6.2e-05
1327 1e-06
1331 3.5e-05
1333 6.4e-05
1335 6.2e-05
1338 1e-06
1339 3.6e-05
1341 6.4e-05
1343 6.3e-05
1345 6.7e-05
1347 6.4e-05
1349 1e-06
1350 1.7e-05
1351 3.2e-05
1353 6.7e-05
1355 6.4e-05
1357 6.6e-05
1359 6.4e-05
1361 6.3e-05
1364 3.3e-05
1366 1.6e-05
1367 6.7e-05
1369 6.4e-05
1371 6.7e-05
1373 6.3e-05
1375 6.3e-05
1377 6.7e-05
1381 6.4e-05
1383 2e-06
1385 6.4e-05
1387 1e-06
1389 6.7e-05
1391 6.3e-05
1393 6.7e-05
1395 3.4e-05
1397 1.6e-05
1400 5e-06
1401 6.5e-05
1403 8e-06
1405 6.7e-05
1408 1e-06
1409 6.4e-05
1411 6.5e-05
1413 6.8e-05
1415 6.8e-05
1417 6.5e-05
1419 6.5e-05
1421 6.7e-05
1423 6.5e-05
1425 6.7e-05
1427 6.5e-05
1430 3.3e-05
1431 7e-05
1433 5e-06
1435 3.3e-05
1438 1e-05
1439 1.7e-05
1441 7.5e-05
1443 7e-05
1446 1e-06
1447 3e-06
1448 3.4e-05
1450 1.7e-05
1451 3.5e-05
1455 2e-05
1459 6.7e-05
1461 1.8e-05
1462 3.4e-05
1463 7e-05
1465 6.7e-05
1467 3.4e-05
1469 7.1e-05
1471 6.8e-05
1473 7.3e-05
1475 6.8e-05
1477 7.1e-05
1479 6.9e-05
1481 7e-05
1483 7.5e-05
1487 7.1e-05
1491 5e-06
1493 1.8e-05
1494 4.1e-05
1495 7.5e-05
1497 7e-05
1499 7.4e-05
1502 1.8e-05
1503 7.1e-05
1505 7.3e-05
1507 7.1e-05
1509 7.5e-05
1514 1e-05
1515 3.5e-05
1519 1.8e-05
1521 7.2e-05
1523 3.6e-05
1525 7.2e-05
1527 3.5e-05
1529 7.1e-05
1531 3.8e-05
1533 7.3e-05
1535 4e-05
1537 7.2e-05
1539 7.3e-05
1541 6.9e-05
1543 3.5e-05
1546 1e-05
1547 3.6e-05
1549 7.3e-05
1551 7.1e-05
1553 7.4e-05
1555 3.5e-05
1558 3.5e-05
1559 7.3e-05
1561 1e-05
1563 9e-06
1565 7.1e-05
1567 7.3e-05
1572 1e-06
1573 7.5e-05
1575 7.7e-05
1577 8.8e-05
1582 1e-06
1583 8e-05
1587 1e-06
1590 7e-06
1591 1.8e-05
1592 3.6e-05
1594 2e-05
1597 1.9e-05
1598 3.7e-05
1599 8.2e-05
1601 1e-06
1603 0.000106
1606 2.2e-05
1607 2.5e-05
1608 4.4e-05
1610 2.1e-05
1613 7.3e-05
1615 7.5e-05
1619 7.3e-05
1623 1e-06
1626 1.8e-05
1628 1.7e-05
1629 7.6e-05
1634 3.7e-05
1635 7.3e-05
1637 7.4e-05
1639 7.4e-05
1641 1e-06
1643 1e-05
1644 4e-05
1646 3.8e-05
1647 7.4e-05
1650 1e-06
1652 1.8e-05
1653 8e-05
1655 3.9e-05
1656 4.1e-05
1658 3.8e-05
1659 8.3e-05
1661 1e-06
1663 3.2e-05
1668 5e-05
1671 7.4e-05
1673 7.3e-05
1675 3.6e-05
1677 7.6e-05
1679 3.6e-05
1681 7.3e-05
1683 3.9e-05
1687 3.6e-05
1689 7.4e-05
1691 3.7e-05
1693 2.1e-05
1695 1.9e-05
1696 3.7e-05
1699 7.5e-05
1701 7.4e-05
1703 5.4e-05
1705 9e-05
1708 5.2e-05
1711 5.1e-05
1713 0.000108
1715 0.000148
1718 1.2e-05
1719 3.3e-05
1721 1.6e-05
1723 4.8e-05
1726 1e-06
1727 0.000116
1731 6e-05
1733 8.9e-05
1737 9e-05
1739 4.3e-05
1741 8e-05
1743 3.9e-05
1745 8.2e-05
1747 8e-05
1751 2.1e-05
1753 8e-05
1755 7.8e-05
1759 1.9e-05
1761 8e-05
1763 7.8e-05
1765 8e-05
1767 4e-05
1769 8e-05
1771 7.8e-05
1773 7.8e-05
1775 4.1e-05
1777 7.8e-05
1779 4e-05
1781 8e-05
1783 1e-06
1784 1.1e-05
1785 7.8e-05
1787 4.1e-05
1789 7.8e-05
1791 1.9e-05
1794 1e-06
1795 8.1e-05
1797 7.8e-05
1799 8.1e-05
1801 7.8e-05
1803 1e-06
1805 8.2e-05
1807 1e-05
1811 4e-05
1815 2e-05
1818 4.3e-05
1819 8.1e-05
1821 8.3e-05
1823 7.9e-05
1826 1e-06
1827 8.2e-05
1830 1e-06
1832 4.2e-05
1834 4e-05
1835 8.4e-05
1837 8.1e-05
1839 8.3e-05
1842 1e-06
1845 2e-05
1847 4.1e-05
1850 1e-06
1853 1.3e-05
1857 8.2e-05
1859 4.1e-05
1861 1e-06
1862 4.4e-05
1863 8.3e-05
1865 1.2e-05
1867 4.1e-05
1869 8.5e-05
1871 1e-06
1874 1e-06
1875 4.3e-05
1878 4.2e-05
1879 8.5e-05
1883 1e-06
1884 5.2e-05
1887 1e-06
1888 4.3e-05
1891 8.6e-05
1893 8.8e-05
1895 1e-06
1896 4.6e-05
1899 1e-05
1901 4e-06
1903 2.2e-05
1905 8.6e-05
1907 8.7e-05
1909 8.6e-05
1911 1e-06
1912 4.6e-05
1914 4.3e-05
1915 8.7e-05
1917 2.2e-05
1919 4.5e-05
1922 2.2e-05
1924 4.2e-05
1926 4.6e-05
1927 8.7e-05
1929 1e-06
1931 4.2e-05
1933 8.9e-05
1935 8.7e-05
1937 1e-06
1939 4.3e-05
1941 8.7e-05
1943 4.5e-05
1945 1e-06
1947 4.3e-05
1949 8.6e-05
1951 9e-05
1953 8.7e-05
1955 8.9e-05
1958 4.4e-05
1959 8.7e-05
1961 1e-06
1962 4.6e-05
1963 8.7e-05
1966 4.4e-05
1967 9e-05
1969 8.7e-05
1972 2.5e-05
1973 8.8e-05
1976 1e-06
1978 4.4e-05
1979 8.9e-05
1981 8.8e-05
1983 5.9e-05
1985 9.9e-05
1987 4.4e-05
1988 4.6e-05
1991 2.1e-05
1992 2.3e-05
1993 8.8e-05
1995 1e-06
1997 0.000107
1999 0.000101
2002 5.4e-05
2003 0.000101
2005 2.7e-05
2006 5.1e-05
2007 0.000104
2009 2e-06
2010 1.3e-05
2011 6.3e-05
2013 0.000103
2017 0.000104
2021 0.000104
2023 9.1e-05
2025 1e-06
2026 1.2e-05
2027 4.5e-05
2030 1.2e-05
2031 9.3e-05
2033 8.9e-05
2036 4.5e-05
2038 6e-06
2039 9.2e-05
2042 4.5e-05
2043 9.3e-05
2045 2.3e-05
2047 4.5e-05
2049 2.2e-05
2051 9.3e-05
2053 9e-05
2055 4.7e-05
2058 4.5e-05
2059 9.1e-05
2062 1.2e-05
2063 9.1e-05
2066 6e-06
2067 4.4e-05
2069 9.4e-05
2071 9.2e-05
2073 9.2e-05
2075 1.2e-05
2076 2.3e-05
2077 9.3e-05
2079 9.3e-05
2082 4.5e-05
2083 9.1e-05
2085 2.5e-05
2086 4.6e-05
2087 9.3e-05
2089 1e-06
2091 4.8e-05
2093 9.1e-05
2096 1e-06
2099 9.5e-05
2101 9.1e-05
2103 4.7e-05
2106 1e-06
2107 1.4e-05
2109 0.000117
2112 5e-05
2114 6e-05
2115 9.4e-05
2117 9.6e-05
2123 4.6e-05
2125 3.2e-05
2127 6.9e-05
2129 0.000147
2131 0.000155
2137 4e-05
2139 7.6e-05
2141 0.000155
2143 0.000104
2145 9.5e-05
2148 4.9e-05
2150 5e-05
2151 9.4e-05
2153 9.7e-05
2155 4.8e-05
2159 2.4e-05
2161 9.7e-05
2163 4.7e-05
2165 2.5e-05
2166 4.9e-05
2167 9.5e-05
2170 1.3e-05
2171 9.7e-05
2173 9.8e-05
2175 5.8e-05
2176 6.7e-05
2179 0.000108
2183 5.7e-05
2185 0.000107
2187 9.4e-05
2190 2.3e-05
2191 6e-05
2195 0.000103
2197 0.000106
2199 6.9e-05
2201 3.5e-05
2203 0.000107
2205 1e-06
2207 1e-06
2208 2.5e-05
2211 4e-06
2212 6.4e-05
2215 2.5e-05
2218 4.9e-05
2219 9.7e-05
2221 0.000109
2223 0.000103
2225 0.0001
2228 5.4e-05
2231 0.000101
2234 8e-06
2235 0.000113
2237 0.000103
2239 5.3e-05
2241 0.000102
2243 0.000103
2245 0.000109
2247 9.8e-05
2249 0.0001
2251 0.0001
2253 0.0001
2255 0.000104
2259 5e-05
2262 5e-05
2263 0.000103
2265 0.000101
2267 0.000101
2269 2e-06
2271 5e-05
2274 5e-05
2275 0.0001
2277 0.000103
2279 0.000101
2281 0.0001
2283 5.2e-05
2286 1.2e-05
2287 0.0001
2290 5.2e-05
2291 0.000101
2293 0.000103
2295 0.000103
2297 0.000101
2299 0.000103
2303 1e-06
2304 1.3e-05
2305 0.0001
2307 5.4e-05
2309 0.000101
2311 0.0001
2313 0.000103
2315 5e-05
2318 1.3e-05
2319 0.000105
2321 0.000103
2325 2.6e-05
2326 4e-05
2327 5e-05
2328 5.4e-05
2330 7e-06
2331 5.2e-05
2333 0.000102
2335 0.000102
2339 0.000105
2341 0.000106
2343 0.000103
2345 0.000104
2347 0.000105
2349 0.000102
2351 5.1e-05
2354 1e-06
2357 2.9e-05
2358 5.1e-05
2359 0.000107
2363 5.2e-05
2366 1.3e-05
2367 2.7e-05
2368 5.2e-05
2370 1e-06
2372 5.5e-05
2375 3e-06
2376 2.5e-05
2379 5.3e-05
2381 1.3e-05
2383 0.000108
2385 7e-06
2386 5.2e-05
2387 0.000108
2389 0.000107
2391 0.000108
2395 0.000105
2397 2.7e-05
2398 5.5e-05
2399 0.000106
2401 0.000116
2403 0.000124
2406 3.9e-05
2407 0.000115
2409 0.000138
2411 8.9e-05
2413 3.7e-05
2414 5.6e-05
2415 0.000118
2417 2e-06
2418 5.5e-05
2419 0.000135
2421 0.000112
2423 2.9e-05
2426 1.3e-05
2428 5.5e-05
2430 3.7e-05
2431 0.000113
2434 1e-06
2435 0.000115
2438 2.8e-05
2440 5.6e-05
2442 1.5e-05
2443 0.00012
2445 0.000112
2449 2.6e-05
2451 0.000118
2454 3.8e-05
2455 0.000115
2457 0.000129
2459 1e-06
2461 0.000119
2464 6.5e-05
2469 0.00013
2471 0.000118
2473 0.000127
2476 7.4e-05
2480 4e-05
2481 0.000118
2484 7.6e-05
2486 5.5e-05
2487 0.000113
2489 0.00011
2491 0.000111
2493 0.000112
2495 0.000112
2497 0.000108
2499 5.7e-05
2501 0.00011
2503 0.000111
2507 5.8e-05
2511 5.5e-05
2512 5.8e-05
2514 1e-06
2515 5.4e-05
2517 0.000113
2520 5.5e-05
2524 2.9e-05
2525 0.000113
2527 6.4e-05
2529 0.000114
2531 1e-06
2532 2.8e-05
2533 0.000113
2535 0.000111
2537 0.00011
2539 0.000112
2541 1.4e-05
2542 5.6e-05
2543 0.000112
2545 0.000113
2547 7e-06
2548 2.8e-05
2549 0.000111
2551 5.8e-05
2553 0.000112
2555 5.8e-05
2558 2.8e-05
2559 0.000111
2561 0.000112
2563 0.000112
2565 0.000113
2567 5.6e-05
2569 0.000114
2571 0.000111
2573 2.8e-05
2574 6.3e-05
2575 0.000111
2578 5.9e-05
2579 0.000111
2581 0.000115
2583 5.6e-05
2585 0.000115
2588 5.6e-05
2591 5.8e-05
2594 5.5e-05
2595 0.000115
2598 1e-06
2599 0.000127
2601 1.8e-05
2603 6.6e-05
2605 0.00012
2607 6e-05
2611 0.00012
2615 2.9e-05
2617 2.9e-05
2619 0.000131
2621 3e-05
2623 6e-05
2626 3e-05
2627 6e-05
2630 3e-05
2631 0.000129
2633 1e-06
2635 1.5e-05
2636 5.8e-05
2638 1e-06
2639 0.000118
2641 0.000116
2643 0.000117
2645 3e-05
2646 5.9e-05
2647 0.000118
2649 0.000116
2651 0.000116
2653 0.000119
2655 0.000118
2657 0.000115
2659 6e-05
2661 3e-05
2662 5.9e-05
2663 0.00012
2667 5.8e-05
2668 7.6e-05
2670 7.5e-05
2671 0.000153
2673 0.000144
2675 0.000122
2677 0.000135
2679 0.000125
2681 0.000146
2683 8.2e-05
2685 0.000147
2689 0.000145
2691 0.000131
2694 4.5e-05
2695 7.3e-05
2696 8.3e-05
2701 0.000147
2703 8.3e-05
2704 8.6e-05
2708 4.2e-05
2709 0.000127
2711 0.000129
2713 1.7e-05
2714 6.8e-05
2715 0.000126
2717 0.000129
2719 1e-06
2721 0.00013
2724 3.2e-05
2725 0.000148
2727 6.9e-05
2729 0.00014
2731 0.000136
2735 7.1e-05
2737 1e-06
2738 9e-06
2739 0.00014
2741 0.000137
2744 8e-06
2745 0.00014
2747 0.000139
2750 3.5e-05
2751 6.9e-05
2755 0.000139
2757 0.000139
2759 0.000139
2763 0.000137
2765 0.000138
2767 0.000137
2769 0.000139
2772 9e-06
2773 4.4e-05
2777 0.00014
2779 6.9e-05
2782 1.7e-05
2783 7.2e-05
2787 7e-05
2789 0.000141
2791 0.000137
2794 1.7e-05
2795 7.2e-05
2797 0.00014
2800 1.9e-05
2803 6.8e-05
2805 3.4e-05
2806 7e-05
2807 0.000141
2811 1e-06
2812 1.8e-05
2813 3.6e-05
2815 7.3e-05
2817 0.000141
2819 0.00014
2821 0.000141
2823 6.9e-05
2826 3.4e-05
2830 7.2e-05
2831 0.000142
2833 0.000139
2835 7.2e-05
2838 3.6e-05
2839 0.000142
2843 1.8e-05
2844 7.1e-05
2846 3.7e-05
2847 0.000146
2849 0.000142
2851 7.3e-05
2853 0.000142
2855 0.000143
2857 0.000143
2859 7.4e-05
2861 3.5e-05
2862 7.1e-05
2863 0.000158
2867 7.1e-05
2869 0.000143
2871 0.000144
2874 7e-05
2875 0.000145
2878 3.5e-05
2879 0.000145
2881 0.000141
2886 3.9e-05
2887 0.000142
2889 0.000145
2891 7.1e-05
2893 0.000147
2895 0.000146
2897 0.000145
2899 7.1e-05
2901 1e-06
2903 7.4e-05
2909 0.000144
2911 7.5e-05
2914 1e-06
2915 0.000144
2917 0.000148
2919 0.000148
2921 0.000148
2923 1.8e-05
2925 2e-05
2926 3.8e-05
2927 7.3e-05
2929 0.000148
2931 0.000151
2934 3.7e-05
2935 7.2e-05
2936 7.8e-05
2939 0.00015
2941 0.000146
2943 0.000164
2945 1e-06
2947 8.6e-05
2949 0.000165
2951 7.9e-05
2953 0.000161
2955 0.000144
2959 0.000147
2962 7.8e-05
2963 0.000201
2965 0.000207
2967 0.000114
2969 0.000164
2971 0.000142
2973 0.000141
2976 6.9e-05
2978 3.7e-05
2981 1e-06
2983 0.000138
2985 1.8e-05
2987 1.8e-05
2988 7.2e-05
2991 3.5e-05
2992 3.6e-05
2994 7.1e-05
2995 0.000172
2997 0.00014
2999 0.000141
3001 0.000141
3003 6.9e-05
3005 0.000161
3007 8.7e-05
3011 0.000177
3013 0.000187
3015 0.00017
3017 0.000169
3023 4.7e-05
3024 8.5e-05
3027 0.000171
3029 0.000171
3031 0.000167
3033 2e-06
3036 2.3e-05
3038 2e-06
3039 0.00017
3041 0.000169
3045 0.000171
3047 8.5e-05
3049 0.000172
3051 0.000169
3054 4.3e-05
3055 8.8e-05
3057 0.000196
3059 9.1e-05
3061 0.000188
3063 0.000187
3065 0.000185
3069 0.000165
3071 1e-06
3072 7.5e-05
3074 3.7e-05
3077 0.000155
3079 8e-05
3082 7.4e-05
3083 0.00014
3085 1.8e-05
3087 7.4e-05
3089 0.000142
3091 7.1e-05
3094 3.9e-05
3095 7e-05
3097 0.000144
3102 1e-06
3103 7.1e-05
3105 0.000144
3107 0.000142
3113 1e-06
3114 1.9e-05
3115 0.000158
3117 0.000174
3119 0.000173
3121 0.000175
3123 8.7e-05
3126 4.3e-05
3127 0.000189
3130 2e-06
3132 8e-05
3134 3.9e-05
3135 0.000155
3140 1e-06
3141 0.000158
3143 4.1e-05
3144 7.7e-05
3146 7.9e-05
3147 0.000156
3150 3.9e-05
3152 8e-05
3154 8.3e-05
3155 0.000148
3157 0.000147
3159 0.000156
3161 0.000148
3163 0.000145
3165 0.000158
3167 0.000157
3170 1e-06
3171 0.000157
3174 4.1e-05
3175 8e-05
3177 0.000159
3179 0.000157
3181 1e-06
3183 4.2e-05
3184 4.8e-05
3187 6e-06
3189 0.000149
3192 7.4e-05
3195 7.6e-05
3199 7.6e-05
3202 7.7e-05
3203 0.000147
3205 0.000168
3207 9.2e-05
3212 2.2e-05
3213 0.000182
3215 2.3e-05
3217 0.000181
3219 0.000183
3221 0.000183
3223 0.00015
3225 0.000164
3227 0.00015
3229 1e-06
3230 7.7e-05
3231 0.000152
3236 7.5e-05
3238 1e-06
3239 3.9e-05
3241 0.000152
3243 0.000153
3245 2e-05
3246 7.5e-05
3247 0.000154
3251 0.000153
3253 0.000154
3255 0.000154
3257 0.000152
3259 0.000155
3262 1e-06
3263 7.9e-05
3269 0.000154
3271 0.000153
3275 2e-05
3277 0.000153
3279 0.000152
3281 1.1e-05
3282 7.8e-05
3283 0.000152
3285 0.000153
3287 0.000153
3291 2e-05
3292 4e-05
3293 0.000152
3295 7.8e-05
3298 7.8e-05
3299 0.000163
3301 0.000154
3304 3.9e-05
3306 3.8e-05
3308 7.9e-05
3311 7.7e-05
3315 8e-05
3317 0.000154
3319 0.000153
3323 2.2e-05
3324 3.9e-05
3325 0.000155
3327 7.7e-05
3329 0.000156
3332 1e-06
3333 4e-05
3334 7.7e-05
3335 0.000156
3337 0.000155
3339 7.9e-05
3342 8.1e-05
3343 0.000156
3345 0.000158
3347 8.1e-05
3349 0.000157
3351 0.000158
3353 0.000156
3355 0.00016
3357 0.000155
3359 0.000159
3361 0.000159
3363 9e-05
3365 0.00016
3367 0.000158
3370 1e-06
3371 0.000156
3375 1e-06
3376 2.2e-05
3377 0.00016
3379 0.00016
3381 4.2e-05
3382 8.3e-05
3383 0.000174
3385 0.000238
3387 1.1e-05
3388 8.4e-05
3390 0.000102
3391 0.000222
3396 8.3e-05
3398 4e-05
3400 8.1e-05
3402 9.1e-05
3403 0.000175
3405 5e-05
3406 0.000108
3407 0.000174
3410 1e-06
3411 9e-05
3415 5e-05
3417 0.000162
3419 0.000163
3421 0.000165
3423 9.9e-05
3428 8.2e-05
3431 0.000163
3434 1e-06
3437 2.1e-05
3439 5e-05
3441 0.000166
3443 8.2e-05
3445 0.000165
3447 8.4e-05
3449 0.000165
3453 0.000163
3455 0.000166
3457 0.000166
3459 0.000164
3461 0.000166
3463 0.000169
3465 0.000156
3467 0.000154
3469 0.000153
3471 8e-05
3475 7.8e-05
3477 3.8e-05
3479 7.8e-05
3481 0.000155
3483 0.000154
3485 0.000155
3487 0.000155
3491 7.7e-05
3494 1e-06
3495 0.000155
3497 2e-05
3499 7.9e-05
3501 0.000189
3503 0.0001
3506 1e-06
3507 0.000154
3510 1e-06
3511 7.8e-05
3513 0.000158
3515 0.000168
3517 0.00016
3521 0.000161
3523 0.000162
3526 1e-06
3527 4e-05
3528 4.2e-05
3531 0.000169
3534 7.8e-05
3535 0.000156
3539 0.000156
3541 0.000156
3543 0.000158
3545 0.000155
3547 0.000155
3549 0.000156
3551 0.000157
3556 1e-06
3560 3.9e-05
3561 0.000156
3564 7.8e-05
3566 2.2e-05
3567 7.9e-05
3569 4e-05
3571 3e-06
3572 3.9e-05
3573 0.000157
3575 0.000156
3579 2.2e-05
3580 8.7e-05
3582 1e-06
3583 8e-05
3585 0.000156
3587 0.000157
3590 4e-05
3591 7.9e-05
3593 0.000158
3595 0.000158
3597 0.000158
3599 8e-05
3602 1.9e-05
3603 0.000158
3607 0.000159
3609 0.000159
3611 0.000159
3613 0.000157
3615 0.00016
3617 0.000159
3619 7.9e-05
3620 8.1e-05
3623 7.9e-05
3625 0.000159
3627 8.1e-05
3629 0.000159
3631 7.9e-05
3633 0.000163
3636 1e-06
3637 0.000161
3639 0.000171
3643 0.000182
3645 0.00016
3647 8.1e-05
3650 8.2e-05
3651 0.000173
3653 0.000166
3656 4.2e-05
3657 0.000169
3662 2e-05
3663 4.3e-05
3664 4.4e-05
3665 0.000167
3667 0.000175
3670 8.2e-05
3671 0.000163
3673 0.000163
3677 4.2e-05
3678 8.1e-05
3679 0.000163
3681 0.000162
3686 4.1e-05
3687 0.000164
3690 1e-06
3691 0.000162
3693 4.2e-05
3694 8.1e-05
3695 0.000164
3698 1e-06
3699 8.1e-05
3701 0.000164
3703 0.000164
3707 1e-06
3709 2.1e-05
3710 4.1e-05
3711 0.000187
3717 0.00018
3719 8.5e-05
3723 8.3e-05
3725 2e-05
3726 8.2e-05
3727 0.000165
3731 0.000165
3735 4.2e-05
3737 0.0002
3742 9.5e-05
3743 0.000168
3745 1e-06
3747 8.3e-05
3749 0.000167
3751 0.000169
3753 1e-06
3754 8.6e-05
3755 0.000168
3757 4.2e-05
3758 8.4e-05
3759 0.00017
3761 0.000173
3763 0.00017
3767 1.1e-05
3771 8.7e-05
3773 0.000168
3775 0.000172
3779 0.000173
3781 1e-06
3783 0.000172
3786 2.2e-05
3788 1e-06
3789 0.000213
3791 8.6e-05
3793 0.000175
3795 0.000192
3797 0.000198
3799 0.000201
3802 3.2e-05
3804 0.000176
3807 0.000207
3812 6e-05
3813 0.000188
3815 0.000102
3816 0.000103
3818 1.6e-05
3820 9.9e-05
3822 0.000103
3823 0.000199
3827 1e-05
3829 0.00019
3831 0.00011
3833 0.000199
3835 0.000175
3838 5.6e-05
3839 0.0002
3841 0.000198
3843 0.000184
3847 6.7e-05
3849 0.000184
3851 3.4e-05
3853 5.5e-05
3855 6.7e-05
3857 0.000184
3859 0.0002
3861 0.000183
3864 1.3e-05
3865 0.000174
3867 0.000168
3869 3.2e-05
3870 9.7e-05
3871 0.000189
3873 0.000182
3875 8.7e-05
3879 1e-06
3880 4.5e-05
3882 1e-06
3885 0.000175
3887 8.8e-05
3891 8.5e-05
3894 1.3e-05
3895 4.4e-05
3897 0.000178
3899 0.000188
3901 3.2e-05
3902 9.5e-05
3903 0.000189
3906 0.000106
3907 0.000201
3909 0.00021
3911 0.000106
3913 0.000188
3915 0.000115
3917 0.000179
3919 0.000179
3921 0.000179
3923 9e-05
3925 4.7e-05
3926 9.1e-05
3927 0.000188
3929 2.2e-05
3931 8.8e-05
3933 0.000173
3938 1e-06
3940 4e-06
3941 0.000175
3943 0.000175
3946 8.8e-05
3947 0.000176
3949 0.000174
3951 9e-05
3953 0.000199
3955 0.000177
3958 4.6e-05
3959 0.000176
3961 0.000203
3963 0.000208
3965 0.000201
3967 0.000211
3969 1e-06
3973 0.000175
3975 0.000176
3977 1e-06
3978 8.8e-05
3979 0.000177
3981 0.000176
3983 9e-05
3985 0.000177
3987 1e-06
3988 4.6e-05
3989 0.000178
3992 8.7e-05
3994 2.4e-05
3995 9e-05
3997 0.000177
3999 0.000176
4001 0.000177
4003 9e-05
4006 8.7e-05
4007 0.000178
4009 0.000177
4012 4.5e-05
4013 0.000177
4015 9.1e-05
4016 0.0001
4019 0.000144
4024 1.7e-05
4025 0.000309
4027 0.000144
4029 0.000291
4031 0.000204
4033 0.000204
4035 0.000104
4038 4.6e-05
4039 9e-05
4040 9.1e-05
4042 8.9e-05
4043 0.000178
4045 0.000178
4047 0.000176
4050 5e-06
4051 0.0001
4054 4.7e-05
4055 0.00018
4058 1e-06
4059 0.000181
4061 0.000178
4063 9e-05
4065 0.000179
4067 9.2e-05
4069 4.5e-05
4071 9.2e-05
4076 0.000103
4079 4.4e-05
4081 1e-06
4082 9.1e-05
4083 0.00018
4085 0.000179
4087 0.00018
4089 0.00018
4091 0.00018
4094 8.9e-05
4095 0.000179
4099 0.00018
4102 9.2e-05
4103 0.000182
4105 0.000181
4107 0.000179
4109 0.000179
4111 0.000181
4113 0.000179
4116 1e-06
4117 0.000181
4119 0.00018
4121 1.2e-05
4123 9.1e-05
4125 0.000179
4127 0.000181
4132 4.7e-05
4133 0.000191
4135 4.5e-05
4137 7e-06
4140 0.000101
4142 6.1e-05
4143 0.000185
4145 0.000195
4147 0.000188
4149 0.000188
4151 4.8e-05
4153 0.000189
4155 9.5e-05
4156 0.000103
4158 4.5e-05
4159 9.5e-05
4162 9.3e-05
4163 0.000183
4165 0.000181
4167 9.2e-05
4170 9.2e-05
4171 0.000183
4173 0.000184
4176 9.2e-05
4180 4.6e-05
4181 0.000184
4184 4.7e-05
4185 0.000185
4187 0.000184
4189 0.000192
4191 9.1e-05
4193 0.000184
4195 0.000185
4197 0.000184
4200 1e-06
4201 8e-06
4203 9.1e-05
4205 2.5e-05
4206 9.2e-05
4207 0.000183
4211 0.000223
4213 4.6e-05
4214 4.7e-05
4215 9.1e-05
4217 0.000184
4219 9.4e-05
4222 4.6e-05
4225 0.000185
4227 0.000186
4229 1e-06
4230 4.6e-05
4231 0.000186
4235 2.5e-05
4236 9.2e-05
4238 9.4e-05
4239 0.000186
4242 1.2e-05
4243 0.000187
4245 1e-06
4247 9.4e-05
4249 0.000188
4251 0.000198
4254 4.7e-05
4256 9.5e-05
4259 0.000118
4263 4.8e-05
4265 2.5e-05
4266 4.7e-05
4267 0.000105
4269 4.9e-05
4270 9.6e-05
4271 0.000197
4273 1e-06
4276 9.8e-05
4278 9.9e-05
4279 0.000196
4282 2.5e-05
4283 0.000204
4285 0.000189
4287 9.5e-05
4288 9.6e-05
4291 0.000188
4293 0.000187
4295 0.00019
4298 9.5e-05
4299 0.00019
4301 0.000187
4303 0.000189
4307 0.000191
4309 0.000188
4311 0.000198
4315 0.000188
4319 0.00019
4325 0.00019
4327 9.5e-05
4329 0.000191
4331 0.000191
4333 0.000189
4335 9.6e-05
4337 0.00019
4339 9.5e-05
4341 0.000189
4343 0.000253
4346 0.000117
4347 0.000191
4349 0.000192
4351 0.000191
4356 9.7e-05
4359 9.7e-05
4362 2.4e-05
4363 9.8e-05
4365 0.000194
4369 4.7e-05
4372 1.3e-05
4373 0.000204
4375 9.6e-05
4376 9.8e-05
4379 9.8e-05
4384 0.000122
4389 0.000219
4391 0.000221
4394 0.000111
4395 0.000222
4397 0.000227
4399 9.6e-05
4401 0.000196
4403 0.000194
4406 1e-06
4407 0.000193
4409 0.000193
4411 0.000194
4413 0.000193
4415 9.8e-05
4420 5e-05
4421 0.000193
4423 9.7e-05
4427 0.000207
4430 9.7e-05
4431 0.000196
4433 1e-06
4435 0.000195
4438 0.000101
4439 0.000195
4441 0.000194
4445 0.000198
4447 0.000197
4451 1e-06
4452 9.7e-05
4454 5.3e-05
4455 9.7e-05
4459 9.6e-05
4461 2.7e-05
4463 2.5e-05
4464 9.8e-05
4467 0.000196
4469 0.000197
4471 0.000198
4473 0.000196
4475 0.000198
4477 0.000197
4479 0.000102
4482 0.000101
4483 0.000199
4485 1e-06
4487 4.8e-05
4490 3.2e-05
4491 0.0001
4493 0.000198
4495 0.000213
4497 0.000223
4499 0.000207
4501 5.2e-05
4502 0.000105
4503 0.000237
4505 0.000207
4507 0.000207
4509 0.000198
4511 1e-06
4512 2.8e-05
4513 0.000213
4516 0.000101
4519 0.000212
4524 5.8e-05
4525 0.000228
4527 5.8e-05
4529 0.00023
4531 0.000228
4533 5.7e-05
4534 0.000115
4535 0.000255
4537 4.5e-05
4539 0.000113
4540 0.000119
4544 1e-06
4545 0.00023
4551 0.000229
4553 2.9e-05
4554 0.000115
4555 0.000235
4557 0.000229
4559 0.000243
4563 0.00013
4565 0.000257
4569 0.000256
4573 0.000258
4575 0.000233
4577 0.000199
4579 0.000199
4583 5e-05
4584 5.1e-05
4586 4e-06
4588 6e-06
4590 2.5e-05
4591 0.000237
4595 0.00027
4597 6.6e-05
4599 0.00013
4603 0.000259
4606 7.5e-05
4608 0.000114
4610 2.6e-05
4611 0.000104
4613 0.000209
4617 0.000208
4619 0.000208
4621 0.000233
4627 0.000116
4629 5.8e-05
4630 0.000116
4631 0.000231
4633 2.9e-05
4634 0.000117
4635 0.00025
4640 2.5e-05
4641 0.000215
4643 7e-06
4644 0.000113
4647 0.000102
4651 0.000219
4653 0.00027
4655 0.000261
4657 0.000262
4659 0.000233
4661 5.7e-05
4662 5.9e-05
4663 0.000119
4666 0.000118
4667 0.000233
4669 0.000233
4671 0.000234
4673 0.000288
4675 0.000374
4677 0.00033
4683 0.000168
4685 0.000314
4687 0.000267
4689 0.000211
4691 0.000106
4693 1.5e-05
4695 0.000105
4697 2.5e-05
4698 0.00011
4699 0.000224
4703 2.6e-05
4704 6.2e-05
4705 0.000224
4707 0.000106
4712 1e-06
4713 0.000243
4715 0.000265
4717 6.7e-05
4718 0.000132
4719 0.000266
4721 0.000246
4723 0.000216
4725 5.2e-05
4726 0.000105
4727 0.000206
4730 0.000104
4731 0.000283
4733 0.000266
4735 0.000266
4741 0.000268
4743 0.000237
4745 0.000242
4747 0.000237
4749 0.000238
4751 0.000237
4754 0.00012
4755 0.000239
4758 6.3e-05
4759 0.000275
4762 0.000134
4763 0.000269
4765 0.000278
4767 0.000247
4769 0.00024
4771 0.000241
4773 0.000238
4775 0.000239
4777 0.000248
4779 0.00024
4781 3e-05
4782 0.000122
4783 0.00024
4785 0.000246
4787 8e-06
4788 6.1e-05
4789 0.000243
4791 0.000217
4793 0.000219
4795 0.000228
4797 0.000248
4799 0.000239
4801 0.000219
4804 1e-06
4805 0.000219
4808 1e-06
4809 0.000219
4811 0.000218
4813 0.00024
4815 0.000255
4819 0.000271
4821 0.000273
4825 0.000274
4829 0.000227
4831 1e-06
4832 5.3e-05
4835 0.000108
4837 0.000214
4841 0.000213
4843 0.000108
4845 1e-06
4846 5.3e-05
4847 0.000248
4849 0.000215
4851 0.000106
4853 0.000214
4855 0.000117
4857 0.000234
4859 0.00022
4861 0.000222
4863 5.6e-05
4864 0.000111
4866 0.00011
4867 0.00022
4869 5.6e-05
4872 0.00011
4874 0.000111
4875 0.000222
4877 0.000227
4879 0.000213
4881 0.000214
4883 0.000107
4885 0.000217
4887 0.000247
4889 0.000215
4891 0.000107
4892 0.000109
4895 0.000118
4897 0.000222
4899 0.000113
4901 5.5e-05
4902 0.000112
4903 0.000223
4907 0.00023
4910 5.3e-05
4912 0.000109
4915 0.000217
4917 0.000217
4919 0.000109
4922 0.000108
4923 0.000216
4925 1e-06
4926 0.00011
4927 0.000215
4929 0.000216
4931 0.000214
4934 0.000109
4935 0.000247
4938 1e-06
4939 2.8e-05
4941 5.5e-05
4943 4e-06
4945 0.000217
4947 0.000109
4950 0.00011
4951 0.000245
4953 0.000249
4955 0.00025
4959 0.000124
4961 0.000251
4963 0.000249
4965 0.00025
4967 0.000123
4969 0.000251
4971 0.000108
4975 0.000217
4977 1e-06
4978 0.00011
4979 0.000218
4981 1e-06
4982 5.6e-05
4983 0.000109
4985 0.000241
4987 0.000122
4991 0.000109
4993 0.000218
4995 0.00011
4998 1e-06
4999 0.000121
5002 2e-06
5003 0.000114
5006 1e-06
5007 5.8e-05
5009 0.000226
5011 0.000113
5013 1.4e-05
5017 5.8e-05
5019 0.00023
5021 5.5e-05
5023 0.000111
5025 0.000218
5027 0.000111
5029 0.000219
5031 0.000219
5033 0.000219
5035 0.00011
5039 0.000219
5041 0.000219
5043 0.000129
5045 0.000219
5047 0.000112
5049 5.4e-05
5051 0.000111
5053 0.000233
5055 0.000127
5057 0.000252
5059 0.000252
5062 6.5e-05
5063 0.00026
5066 0.000115
5067 0.000226
5069 0.000227
5071 0.000226
5073 0.00023
5076 1.4e-05
5079 5.7e-05
5081 0.000221
5083 0.000219
5085 0.00022
5087 0.000222
5093 5.6e-05
5094 0.000109
5095 0.000221
5097 8e-06
5098 0.00011
5099 0.000261
5102 6.4e-05
5104 0.00013
5107 0.000253
5109 0.000248
5111 0.000222
5114 1e-06
5115 0.00022
5117 0.000222
5121 1e-06
5122 0.00011
5123 0.000221
5127 5.6e-05
5128 0.000111
5131 0.00022
5133 3e-05
5135 0.000111
5137 0.000222
5139 0.000145
5141 1.5e-05
5143 0.000111
5146 0.000112
5147 0.000221
5149 0.000232
5151 5.7e-05
5153 0.000228
5155 0.000253
5157 7e-06
5158 0.000114
5159 0.000231
5161 0.000254
5163 0.000254
5165 0.000256
5167 0.000235
5169 0.000224
5171 0.000222
5173 0.000224
5175 5.6e-05
5176 0.00012
5179 1e-06
5180 2.9e-05
5181 0.000223
5183 0.000222
5187 0.000224
5189 0.000224
5191 0.000112
5195 0.000113
5198 5.6e-05
5201 0.000227
5203 0.000112
5204 0.000113
5206 5.6e-05
5207 0.000228
5209 1e-06
5212 0.000111
5214 0.000112
5215 0.000224
5217 0.000226
5221 0.000225
5223 0.000225
5226 2.9e-05
5227 0.000228
5229 5.6e-05
5230 5.8e-05
5231 0.000123
5234 0.000112
5235 0.000228
5238 5.6e-05
5239 0.000226
5241 0.000228
5243 0.000113
5245 0.00024
5247 0.000125
5249 0.000227
5251 0.000137
5254 1e-06
5255 6.6e-05
5259 0.00013
5261 0.000263
5263 6.7e-05
5264 0.000129
5267 0.000256
5270 5.7e-05
5271 0.000115
5274 1.5e-05
5275 0.000229
5277 0.000229
5279 0.000238
5283 0.000138
5285 8.4e-05
5286 0.000185
5287 0.000369
5290 1e-06
5292 4.9e-05
5293 0.000265
5296 0.000116
5298 1e-06
5299 0.000232
5301 5.8e-05
5302 0.000116
5303 0.000231
5305 1e-06
5306 0.000117
5307 0.000288
5309 0.000316
5311 0.000249
5313 0.00024
5315 0.000239
5317 0.000241
5319 0.000136
5321 0.000233
5323 0.000233
5325 0.000232
5329 0.000234
5331 5e-06
5332 0.000115
5334 1.5e-05
5335 0.000234
5339 0.000245
5341 0.000233
5343 0.000242
5347 0.00012
5348 0.000122
5350 0.000122
5351 0.000248
5353 1e-06
5355 0.000119
5358 5.9e-05
5359 0.000117
5361 0.000236
5363 0.000235
5365 5.9e-05
5366 0.000127
5367 0.000234
5369 0.000236
5371 0.000237
5373 0.000236
5375 0.000237
5377 0.000236
5379 0.00012
5382 6.1e-05
5383 0.000237
5385 0.000236
5387 0.000238
5389 0.000236
5391 0.000121
5394 1e-06
5395 0.000238
5398 0.000118
5399 0.000238
5401 0.000259
5404 5.9e-05
5405 0.000239
5407 0.00012
5410 0.000119
5411 0.000238
5414 6.1e-05
5415 0.000238
5417 1e-06
5419 3e-05
5420 0.00012
5424 5.8e-05
5426 0.000144
5427 0.000247
5429 0.000244
5431 0.000245
5433 0.000253
5435 0.000236
5440 3.2e-05
5443 0.000118
5445 0.000238
5447 0.000244
5449 0.000238
5451 0.000235
5453 0.000238
5455 0.000239
5458 1e-06
5460 5e-06
5461 0.000236
5463 0.00024
5467 1e-06
5468 0.000119
5470 0.00012
5471 0.000237
5474 1e-06
5478 0.000121
5479 0.000237
5481 0.000239
5484 1e-06
5486 6e-05
5487 0.000237
5489 0.000239
5492 1.5e-05
5494 5.8e-05
5496 2.9e-05
5497 0.000238
5499 0.000238
5501 0.000246
5503 0.000238
5506 0.000119
5507 0.000238
5509 6e-05
5510 0.00012
5511 0.000238
5513 0.000238
5515 0.0003
5518 7.6e-05
5519 0.000138
5522 0.000137
5523 0.000273
5525 6.8e-05
5526 6.9e-05
5527 0.000139
5529 0.000255
5531 0.000237
5533 6.1e-05
5535 0.00012
5538 0.00012
5539 0.000251
5541 0.000238
5544 3.1e-05
5545 0.00024
5547 0.000238
5550 0.000121
5551 0.000238
5554 1e-06
5555 0.000239
5560 6.1e-05
5561 0.000238
5563 0.000239
5565 0.000238
5567 0.00012
5571 1e-06
5573 0.000239
5575 0.00012
5577 0.000238
5579 0.000238
5582 1e-06
5583 6.1e-05
5585 1e-06
5587 0.000239
5591 0.000129
5593 0.000239
5595 0.000238
5597 3.1e-05
5598 0.000121
5599 0.000238
5603 0.00024
5605 0.00024
5607 6.1e-05
5609 1e-06
5611 0.000239
5615 0.000291
5617 1e-06
5618 0.000138
5619 0.000276
5622 0.000137
5623 0.00028
5626 3e-05
5627 0.000239
5629 0.000239
5633 0.000242
5636 0.000119
5639 0.000129
5643 0.000121
5645 0.00024
5647 6e-05
5649 0.000239
5651 0.000239
5653 0.000242
5655 1e-06
5656 6.1e-05
5657 0.000242
5659 1e-06
5663 0.000122
5667 0.000121
5668 0.000123
5670 0.000121
5671 0.000244
5674 0.00012
5675 0.000242
5678 0.000123
5679 0.000241
5682 1.6e-05
5683 0.000242
5685 0.000243
5687 0.000252
5689 0.000243
5691 0.000242
5693 0.000243
5695 0.000242
5697 1e-06
5699 0.000244
5701 1e-06
5704 3.1e-05
5705 0.000244
5707 0.000253
5709 0.000244
5711 0.000244
5713 1e-06
5715 0.000134
5718 0.000125
5719 0.000255
5721 0.000251
5724 6.4e-05
5725 0.000268
5728 0.000124
5731 0.000123
5734 6.3e-05
5735 0.000124
5737 0.000246
5739 0.000245
5741 0.000246
5744 0.000123
5747 0.000124
5751 1e-06
5752 0.000123
5754 6e-06
5755 0.000246
5758 1e-06
5759 0.000123
5761 0.000247
5765 0.000246
5768 6.3e-05
5770 0.000123
5771 0.000246
5773 0.000247
5775 0.000246
5777 1e-06
5779 0.000256
5784 3e-05
5785 0.000248
5790 0.000136
5791 0.000262
5793 0.000259
5795 0.00032
5797 8.2e-05
5801 0.000321
5804 0.000194
5809 0.000303
5811 0.000143
5813 0.000287
5815 0.000287
5817 0.000285
5819 0.000288
5821 0.000306
5823 0.000258
5825 0.000259
5828 6.6e-05
5829 0.000259
5832 0.000137
5834 3.1e-05
5835 0.000253
5837 0.000251
5839 6.4e-05
5840 0.000126
5843 0.000251
5845 0.000252
5847 0.000127
5849 0.00025
5852 3.1e-05
5853 0.000253
5856 3.3e-05
5857 0.000251
5859 0.000252
5861 0.000252
5863 0.000125
5866 4.3e-05
5867 0.00014
5871 6.2e-05
5872 6.4e-05
5873 7.7e-05
5875 0.000266
5877 0.000274
5879 0.00029
5883 0.000147
5886 0.000146
5887 0.000292
5889 0.00029
5893 0.000293
5895 0.000336
5900 0.000165
5902 4.1e-05
5904 8.4e-05
5908 0.000164
5910 9e-05
5911 0.000329
5915 0.000327
5917 0.000331
5919 0.000148
5921 0.000292
5923 0.000147
5925 7.2e-05
5928 0.000147
5930 0.000147
5931 0.000293
5934 0.000147
5935 0.000291
5937 0.000317
5941 0.00033
5943 0.000341
5947 0.000306
5949 0.000292
5951 0.000147
5954 0.000147
5955 0.000278
5957 1e-06
5958 7.7e-05
5959 0.000275
5961 1e-06
5962 0.000156
5963 0.000266
5966 8.1e-05
5967 0.000329
5969 0.000331
5972 2.1e-05
5973 0.000328
5975 0.000293
5980 3.7e-05
5981 0.000295
5983 0.0003
5986 1e-06
5987 0.000295
5989 0.000295
5991 0.000332
5995 0.000166
5999 0.000332
6001 0.000294
6003 0.000258
6005 0.000257
6007 0.000265
6009 0.000267
6011 0.000265
6013 0.000314
6015 0.000149
6018 0.000149
6019 0.000295
6022 0.000145
6023 0.000258
6025 0.000256
6027 0.000259
6030 3.3e-05
6031 0.000128
6035 0.000283
6039 6.4e-05
6042 1e-06
6043 0.00013
6046 0.000131
6047 0.000268
6050 0.000134
6051 0.000268
6053 0.000266
6055 0.000314
6061 0.000295
6065 0.000296
6069 0.000296
6071 6.6e-05
6072 0.000131
6074 0.000129
6075 0.000259
6077 0.000258
6079 0.000259
6081 0.000259
6083 0.000129
6084 0.000131
6086 1e-06
6087 0.000129
6088 0.00013
6090 0.000129
6091 0.00026
6093 3.3e-05
6094 0.00013
6095 0.000259
6098 0.000128
6099 0.000287
6101 0.000265
6103 1e-06
6105 0.000269
6107 0.000135
6109 0.00027
6111 1e-06
6112 3.3e-05
6113 0.00026
6115 0.00013
6117 0.000259
6119 0.00026
6121 0.000271
6124 4e-06
6126 1e-06
6127 7.7e-05
6129 0.000261
6131 0.000305
6134 1e-06
6135 0.00015
6137 0.000296
6140 1e-05
6141 7.6e-05
6143 0.000165
6147 1e-06
6149 0.000271
6153 0.000268
6156 0.000135
6160 3.4e-05
6161 0.000272
6165 0.00026
6169 0.000261
6171 0.000262
6173 1.8e-05
6174 0.000129
6175 0.000263
6177 1e-06
6179 0.00026
6181 0.000299
6183 6.5e-05
6185 0.000261
6189 0.000261
6191 0.000132
6193 0.000308
6195 0.000302
6197 0.000301
6199 7.5e-05
6203 0.000157
6205 0.000261
6207 0.000133
6209 0.000264
6211 0.000264
6213 1e-06
6215 6.6e-05
6217 0.000263
6221 0.000288
6223 3.3e-05
6225 6.6e-05
6227 0.000277
6229 6.8e-05
6231 0.000137
6234 0.000135
6235 0.000273
6237 0.000286
6241 0.000272
6243 0.000274
6245 0.00028
6247 0.000134
6249 0.000266
6251 0.000264
6253 0.000265
6255 0.000265
6259 0.000133
6261 0.000264
6263 0.000267
6265 0.000264
6267 0.000298
6269 0.000315
6271 0.000304
6273 0.000307
6275 0.000266
6277 0.000267
6279 0.000267
6281 0.000266
6283 0.000151
6284 0.000174
6286 6.6e-05
6287 6.8e-05
6288 0.000133
6290 0.000148
6291 0.000278
6293 0.000275
6295 0.000139
6297 0.000294
6299 0.000268
6301 6.8e-05
6303 0.000135
6307 0.000135
6309 0.000268
6311 0.000136
6313 0.000268
6315 0.000136
6317 0.000271
6319 0.000269
6323 0.00027
6325 0.000269
6327 1e-06
6329 1.7e-05
6330 3.5e-05
6331 0.000271
6333 0.000272
6335 0.000142
6340 6.7e-05
6341 0.000297
6343 0.000209
6345 0.000439
6347 0.000325
6349 0.000272
6351 0.000135
6353 0.000272
6355 0.000138
6359 6.7e-05
6360 0.000137
6365 3.4e-05
6366 6.8e-05
6367 0.000301
6373 0.000312
6377 0.000312
6379 0.000167
6381 0.000285
6383 0.000273
6385 0.000273
6387 0.000136
6389 0.000275
6391 0.000274
6393 1e-06
6394 0.000137
6395 0.000274
6397 1e-06
6399 0.000138
6401 0.000273
6403 0.000274
6406 0.000138
6407 0.000275
6409 0.000275
6411 0.000139
6413 0.000286
6415 0.000274
6419 1e-06
6421 0.000277
6423 0.000275
6425 0.000276
6427 1e-06
6428 1.7e-05
6430 3.4e-05
6431 6.9e-05
6432 7e-05
6433 0.000277
6436 0.000139
6438 0.000138
6439 0.000277
6443 0.000292
6447 0.000311
6450 0.000159
6451 0.000317
6454 1.1e-05
6455 0.000326
6457 0.000291
6459 0.000139
6461 0.000277
6464 0.00014
6466 7e-05
6469 0.000279
6473 0.000279
6475 0.000279
6479 0.000278
6481 0.00028
6486 0.000142
6487 0.000279
6489 0.000279
6492 0.00014
6494 3.6e-05
6495 7e-05
6496 0.00014
6500 7.3e-05
6501 0.000289
6503 0.000281
6505 0.000281
6507 0.000282
6509 0.00028
6511 0.000283
6513 0.000281
6515 0.000326
6520 1.1e-05
6521 0.000324
6523 0.000162
6525 4.2e-05
6529 0.000319
6531 0.000291
6533 0.000301
6535 0.000153
6537 7.3e-05
6539 0.000282
6541 0.000282
6543 0.000282
6546 0.000144
6547 0.000282
6549 0.000282
6551 0.000142
6553 0.000283
6555 0.00037
6557 7.3e-05
6558 0.000141
6559 0.000285
6563 0.000284
6566 7.1e-05
6567 0.000294
6569 0.000282
6571 1e-06
6573 0.000285
6575 0.000143
6578 0.000143
6579 0.000284
6581 0.000284
6583 0.000285
6585 0.000283
6587 1.9e-05
6588 7.1e-05
6589 0.000285
6592 0.00014
6595 0.00034
6597 0.000326
6599 0.000334
6601 0.000284
6603 0.000285
6609 0.000284
6611 0.000286
6613 0.000286
6615 0.000284
6619 0.000286
6621 0.000285
6623 0.000286
6626 0.000144
6627 0.000285
6629 0.000287
6631 9.2e-05
6633 0.000289
6635 0.000299
6637 0.000277
6639 0.000277
6641 1e-06
6642 0.000151
6643 0.000299
6645 9.1e-05
6646 0.00016
6647 0.0003
6649 1e-06
6650 0.000151
6651 0.000298
6653 1e-06
6654 8.2e-05
6655 0.000177
6658 8e-05
6659 0.000177
6663 0.000305
6665 0.000335
6667 0.000165
6670 8.3e-05
6671 0.000168
6673 0.000329
6677 8.4e-05
6679 0.000166
6681 0.000329
6683 0.000301
6685 0.000301
6689 4.6e-05
6691 0.000172
6695 0.00016
6697 0.000301
6699 0.000162
6701 9.1e-05
6703 0.000149
6705 0.000318
6707 0.000162
6708 0.000163
6710 0.000151
6711 0.000301
6713 0.000327
6715 0.000299
6717 0.000304
6719 0.000282
6721 0.000302
6723 0.000301
6725 0.000304
6727 0.000172
6729 0.000331
6731 0.000166
6733 0.000334
6735 0.000309
6737 0.000303
6739 0.000163
6741 0.000283
6744 9.2e-05
6745 0.000304
6748 0.000127
6749 0.00047
6751 0.000431
6753 0.000403
6757 0.000306
6760 0.000165
6762 0.000163
6763 0.000393
6767 0.000379
6769 2.4e-05
6771 2.4e-05
6772 0.000189
6774 0.000169
6775 0.000332
6777 0.000328
6779 0.000339
6783 0.000335
6785 0.000355
6787 0.000304
6790 7.6e-05
6791 0.000305
6793 1e-06
6797 1e-06
6799 0.000316
6801 0.000381
6803 1e-06
6806 9.7e-05
6807 0.00019
6808 0.000191
6811 0.000175
6813 0.000306
6815 0.00015
6816 0.000161
6819 5e-06
6820 8.3e-05
6821 0.000342
6823 0.000193
6825 0.000394
6827 0.000365
6829 0.000307
6831 0.000305
6833 0.000381
6835 0.000385
6837 9.6e-05
6838 0.000201
6839 0.000342
6841 0.000342
6845 0.000344
6847 0.00031
6849 0.000309
6851 0.000309
6854 7.9e-05
6855 0.000182
6857 0.00033
6859 0.00031
6861 0.000311
6863 0.000336
6866 1e-06
6867 0.000309
6869 0.000311
6871 0.00031
6873 1e-06
6874 0.000156
6875 0.000392
6877 0.000387
6880 0.000216
6884 0.000191
6887 0.000311
6890 1e-05
6891 0.000157
6893 0.000311
6895 0.000312
6897 1e-06
6899 0.000158
6901 0.000311
6903 0.00017
6905 0.000389
6907 0.000391
6911 0.000196
6916 0.000196
6918 0.000195
6919 0.000404
6922 0.000195
6923 0.00039
6925 0.00039
6927 0.000197
6934 0.000196
6935 0.000393
6937 0.000312
6939 0.000157
6940 0.000159
6942 7.8e-05
6945 0.000314
6948 9.6e-05
6949 0.000313
6951 0.000334
6955 1.1e-05
6958 0.000171
6959 0.000314
6963 2.1e-05
6964 7.9e-05
6965 0.000314
6967 0.000158
6969 0.000316
6971 1e-06
6972 0.000161
6975 0.000315
6979 0.000317
6981 9.5e-05
6982 0.000169
6983 0.000317
6985 0.000318
6988 0.000169
6991 0.00017
6993 0.000356
6995 0.000351
6997 8.9e-05
6998 0.000176
6999 0.000348
7001 0.000318
7003 4.9e-05
7005 0.000327
7007 0.00031
7011 0.000185
7013 0.000318
7015 0.000344
7017 4.4e-05
7018 0.000177
7019 0.000365
7021 0.000353
7023 0.000354
7025 0.00035
7027 0.000298
7029 0.000319
7031 9.6e-05
7032 0.000171
7035 0.00017
7037 0.000319
7039 0.000308
7041 1e-06
7042 0.000162
7043 0.000319
7046 0.000171
7047 0.000351
7049 0.000353
7051 0.000353
7053 0.000355
7055 0.000299
7058 0.000171
7059 0.000322
7061 0.000319
7063 0.000171
7065 0.000321
7067 0.000311
7069 4.9e-05
7071 0.000182
7073 0.000377
7075 2e-05
7077 0.00035
7079 0.000179
7081 0.000386
7083 2e-06
7084 4.5e-05
7085 0.000332
7087 0.000171
7088 0.000172
7092 0.000172
7095 0.000322
7097 3.1e-05
7098 0.000161
7099 0.000319
7101 9.6e-05
7103 0.000172
7107 0.0003
7109 0.000331
7111 0.000171
7112 0.000195
7114 0.000178
7115 0.000355
7117 0.000355
7120 0.000174
7122 0.000172
7123 0.00032
7127 0.000323
7131 0.000171
7134 7.5e-05
7135 0.000171
7137 0.000321
7139 0.000301
7141 0.00033
7143 0.0003
7145 0.000321
7147 0.0003
7149 0.000322
7151 0.0003
7153 0.000321
7155 0.000301
7157 9.7e-05
7160 1.2e-05
7161 0.000314
7163 0.000322
7167 1e-05
7168 3.8e-05
7170 0.000172
7171 0.000354
7175 0.00044
7177 0.000578
7179 0.000302
7181 0.000322
7183 0.000301
7187 0.000322
7189 0.000322
7191 0.000301
7193 0.000335
7195 3e-05
7197 0.000313
7199 0.000304
7201 0.000322
7203 0.0003
7205 0.000325
7207 0.000324
7209 5e-05
7211 0.000173
7213 0.000325
7215 0.000325
7217 0.000347
7219 0.00032
7221 0.000377
7223 0.000181
7229 0.000361
7232 9.9e-05
7235 0.000314
7237 0.000325
7239 0.000175
7241 0.000326
7243 0.000174
7246 9.7e-05
7247 0.000328
7251 0.000326
7253 1e-06
7254 8.8e-05
7255 0.000336
7257 6e-06
7259 0.000165
7261 0.000328
7263 9.9e-05
7265 0.000327
7267 0.000328
7270 1e-06
7271 0.000319
7273 1e-06
7275 0.000318
7277 9.8e-05
7278 0.000175
7279 0.000329
7281 0.000328
7283 0.000175
7286 9.9e-05
7287 0.00033
7289 0.000329
7291 1e-06
7292 4e-05
7293 0.000351
7295 0.000329
7299 0.000328
7302 0.000166
7303 0.000327
7305 0.00033
7307 0.000329
7309 0.000309
7311 0.000308
7313 0.00033
7315 0.000176
7317 0.000331
7321 0.000106
7323 0.000331
7325 0.00033
7327 0.000322
7329 0.000332
7331 0.000333
7333 0.000331
7336 0.000176
7339 5.1e-05
7340 9.9e-05
7341 0.000333
7343 0.000177
7346 0.000157
7347 0.000332
7350 0.000176
7351 0.00034
7354 5e-05
7356 0.000167
7359 0.000167
7362 0.000167
7363 0.000332
7365 0.000361
7367 0.000369
7369 0.000358
7371 0.000333
7373 0.000313
7376 1e-06
7377 0.000325
7379 0.000346
7381 0.000334
7384 0.000101
7385 0.000335
7387 0.000333
7391 0.000114
7393 0.000372
7395 0.000372
7397 9.4e-05
7399 0.000186
7401 0.000343
7403 0.000338
7405 5e-05
7407 0.000179
7409 0.000337
7411 0.000322
7415 0.000336
7417 0.000358
7421 0.000335
7424 0.000101
7425 0.000372
7431 0.000374
7433 0.000373
7435 0.000334
7437 0.000337
7439 0.000316
7442 0.00018
7443 0.000345
7445 0.000338
7447 0.000181
7449 0.00034
7452 0.000181
7454 1e-06
7455 5.1e-05
7456 5.2e-05
7457 0.000349
7459 0.000339
7461 2.2e-05
7462 0.000171
7463 0.00034
7465 0.00033
7467 1e-06
7468 5.2e-05
7469 0.00034
7472 5.1e-05
7475 5.1e-05
7476 0.000191
7478 0.000103
7479 0.000182
7480 0.000192
7483 0.00017
7486 5.2e-05
7487 0.000364
7489 0.000353
7491 0.000172
7493 1.6e-05
7494 0.000183
7495 0.000341
7499 0.000172
7502 1e-06
7503 8.6e-05
7505 0.000347
7507 0.000183
7509 0.000322
7511 0.000184
7513 0.000345
7515 0.000182
7517 0.000332
7519 0.000323
7522 0.000184
7523 0.000344
7525 0.000343
7527 0.000184
7529 0.000323
7531 0.000324
7533 0.000345
7535 0.000185
7540 0.000162
7542 3.2e-05
7544 1.1e-05
7545 0.000345
7547 0.000334
7551 1e-05
7553 0.00036
7555 0.000348
7557 0.00036
7560 0.000195
7564 0.000194
7566 0.000194
7567 0.000387
7569 0.000388
7572 2.5e-05
7573 0.000387
7575 0.000191
7577 0.000338
7581 0.000113
7583 9.2e-05
7584 0.000186
7586 0.000186
7587 0.000387
7589 0.000105
7591 0.000186
7595 0.000177
7597 0.000385
7599 0.000352
7603 0.00035
7605 1e-06
7606 9.5e-05
7607 0.000351
7609 0.000422
7611 0.00045
7614 0.000109
7615 0.000393
7617 0.000375
7619 0.000397
7622 0.000223
7623 0.000439
7626 1e-06
7627 0.000398
7629 8.9e-05
7630 0.000201
7631 0.000352
7633 0.00042
7635 0.000401
7637 0.000422
7639 0.000441
7642 2.9e-05
7643 0.00022
7645 0.000441
7647 0.000442
7651 0.000442
7656 0.000224
7658 5.6e-05
7659 0.000265
7662 0.000111
7663 0.000458
7665 0.000426
7668 0.000197
7670 0.0001
7671 0.000397
7673 0.000367
7675 0.000357
7677 0.000356
7679 0.000357
7682 1e-06
7683 0.000345
7685 0.000104
7686 0.000188
7687 0.000392
7689 6.4e-05
7693 0.00037
7695 0.000393
7697 0.000391
7699 0.000331
7701 0.000354
7703 0.000187
7705 0.000353
7707 0.000355
7709 0.000104
7710 0.000237
7711 0.000453
7713 0.000434
7715 0.000352
7719 0.000355
7721 0.000355
7723 0.000178
7725 0.000354
7727 0.000178
7729 0.000353
7731 0.000331
7733 0.000353
7735 0.000332
7738 0.000189
7739 0.000354
7741 0.000332
7743 0.000354
7745 0.000354
7748 1e-06
7749 9.4e-05
7750 0.000188
7751 0.000355
7754 5.3e-05
7756 1e-06
7757 0.000355
7759 0.000333
7762 1e-06
7763 0.000178
7766 0.00022
7767 0.000363
7771 0.000355
7774 8.9e-05
7776 1e-06
7777 0.000355
7779 0.000177
7781 0.000354
7783 0.000179
7786 1e-06
7788 4.5e-05
7789 0.000351
7791 0.000188
7795 0.000338
7797 0.000133
7798 0.000188
7799 0.000385
7801 0.000355
7803 0.000394
7805 0.000403
7807 6.4e-05
7808 0.000189
7810 0.00021
7811 0.000357
7813 1e-06
7817 0.000347
7819 0.000355
7821 0.000416
7823 0.000144
7825 0.000422
7828 2.2e-05
7829 0.000358
7832 0.000106
7833 0.000355
7836 0.000189
7838 0.000169
7839 0.000419
7841 0.000397
7843 0.000351
7846 0.00019
7847 0.000357
7850 0.000191
7851 0.000364
7853 0.000357
7855 0.000336
7857 3.2e-05
7859 0.000179
7861 0.000337
7863 0.000337
7865 0.000357
7867 0.00019
7871 0.000169
7875 0.000167
7877 0.000348
7879 0.00018
7880 0.000199
7882 0.000191
7883 0.000358
7887 0.00019
7889 0.00036
7891 1e-06
7893 0.00037
7895 0.000377
7897 0.000359
7899 0.000364
7903 1e-06
7905 0.000349
7907 0.00019
7908 0.000191
7911 0.00019
7913 0.00036
7915 0.000191
7917 0.000338
7920 1e-06
7923 0.00047
7925 0.000551
7927 0.000191
7930 0.000108
7931 0.00019
7934 6.3e-05
7937 0.000338
7939 0.000358
7941 0.000108
7942 0.000191
7943 0.000358
7945 0.000369
7947 0.000337
7949 0.000359
7951 0.000191
7954 0.00019
7955 0.000423
7961 0.000101
7963 0.000401
7965 0.000373
7968 0.000191
7970 1e-06
7971 1.2e-05
7972 9.7e-05
7973 0.000359
7975 0.000107
7976 0.000191
7978 1e-06
7979 0.000358
7983 0.000108
7985 0.00036
7987 0.000339
7989 0.00036
7991 0.000361
7995 3.2e-05
7996 5.4e-05
7997 0.000108
7999 0.00017
8001 0.000359
8004 1.6e-05
8005 0.000352
8007 0.000192
8009 0.000361
8011 0.000192
8015 1e-05
8017 0.000363
8019 0.000192
8021 0.000362
8023 0.000361
8026 1.1e-05
8027 5.4e-05
8028 0.000109
8029 0.000402
8031 9.2e-05
8034 3e-06
8035 0.000182
8037 0.000362
8039 0.000342
8041 0.000362
8043 0.000349
8045 0.000363
8047 0.000192
8051 1e-06
8053 2e-06
8054 9.7e-05
8056 3.3e-05
8057 0.000353
8061 0.000364
8063 0.000342
8065 0.000363
8067 1.3e-05
8068 9.8e-05
8069 0.000363
8073 0.000362
8075 0.000363
8079 9.6e-05
8081 0.000371
8083 0.000341
8085 0.000364
8087 0.000363
8090 1e-06
8091 0.000364
8094 0.000108
8095 0.000364
8098 1e-06
8099 0.000211
8101 0.00045
8103 0.000368
8105 0.000378
8107 0.000194
8109 0.000363
8111 0.000194
8114 1e-06
8115 0.000193
8117 0.000363
8119 0.000342
8121 0.000363
8124 0.000192
8128 0.000107
8129 0.000366
8131 0.000364
8133 0.000373
8136 0.000193
8139 0.000353
8141 9.7e-05
8142 0.000194
8143 0.000387
8145 0.000414
8149 0.000406
8151 0.000204
8153 0.000405
8156 5.3e-05
8157 0.000408
8159 0.000205
8162 0.000179
8163 0.000365
8166 0.000108
8168 0.000171
8171 0.000194
8173 0.000365
8175 0.000365
8179 0.000196
8181 0.000365
8183 0.000343
8186 1e-06
8187 0.000354
8191 6.5e-05
8193 0.000365
8195 0.000354
8197 0.000345
8199 0.000109
8201 0.000354
8205 6.4e-05
8206 6.6e-05
8207 0.000108
8208 0.000193
8210 0.000184
8211 0.000384
8214 0.000195
8215 0.000397
8218 0.000205
8219 0.000409
8222 0.000102
8223 0.000368
8226 1e-06
8229 0.000364
8231 1e-06
8232 1.2e-05
8233 0.000358
8235 0.000347
8237 0.000345
8239 0.000195
8241 0.000368
8245 0.000367
8247 0.000195
8250 0.000174
8251 0.000366
8254 0.000109
8255 0.000111
8256 0.000195
8259 0.000377
8261 0.0004
8263 0.000409
8267 0.000205
8268 0.000208
8271 0.000108
8273 0.000391
8275 0.000196
8278 0.000191
8279 0.000517
8281 0.000592
8283 0.000344
8285 0.000391
8287 0.000195
8290 1e-06
8292 0.000196
8294 0.000196
8295 0.000371
8297 0.00037
8299 0.000369
8301 0.000348
8303 0.000349
8305 0.000378
8307 0.00037
8309 0.000349
8313 0.000369
8315 0.000196
8317 0.000369
8319 0.000369
8323 1.1e-05
8325 0.000388
8327 0.000207
8329 0.000431
8333 0.000412
8335 0.000387
8339 1e-06
8340 0.000185
8343 0.000175
8345 0.000109
8347 0.000208
8350 0.00023
8351 0.000456
8353 0.000497
8355 0.000204
8356 0.000237
8358 0.000207
8359 0.000377
8361 0.000374
8363 5.8e-05
8365 0.000399
8367 0.000371
8369 0.000397
8371 0.000375
8374 9.5e-05
8375 0.000374
8379 0.000375
8381 1e-06
8382 4.8e-05
8383 0.000188
8385 0.000375
8387 0.000374
8389 1e-06
8390 0.000189
8391 0.000383
8393 0.000375
8397 0.000409
8399 0.000209
8400 0.00021
8402 0.000209
8403 0.000438
8405 0.000377
8407 0.000189
8409 1e-06
8411 0.000195
8414 9.3e-05
8415 0.000365
8417 0.00039
8419 0.000419
8423 0.00021
8427 0.000419
8429 0.000421
8431 0.0002
8436 0.00019
8438 0.000115
8439 0.000188
8441 4.9e-05
8443 0.000211
8445 2.4e-05
8447 9.5e-05
8451 1e-06
8453 0.000379
8455 0.000476
8457 0.000421
8459 0.000378
8462 1e-06
8463 0.000379
8465 1e-06
8467 0.000378
8470 9.6e-05
8471 0.000403
8473 0.000411
8475 0.000421
8477 0.000423
8479 0.000434
8481 0.000423
8483 1.4e-05
8489 0.000422
8491 0.000423
8493 0.000108
8494 0.000205
8495 0.000379
8497 0.000401
8499 0.00038
8501 9.7e-05
8502 0.000192
8503 0.000383
8505 0.000412
8507 0.0002
8509 0.000412
8511 0.000106
8512 0.000213
8515 0.000214
8519 0.000212
8521 0.00038
8523 0.000357
8525 0.00038
8527 0.000382
8531 0.000201
8533 0.000422
8535 0.000381
8538 0.000202
8539 0.000393
8541 9.6e-05
8542 0.000193
8543 0.000386
8545 0.000382
8548 0.000213
8551 0.000419
8555 5.5e-05
8557 0.000106
8559 0.000107
8560 0.000215
8562 7e-06
8563 0.000426
8566 0.000104
8567 0.000406
8569 6.7e-05
8570 0.000203
8571 0.000409
8573 9.9e-05
8575 0.000193
8577 0.000386
8579 0.000383
8581 0.000385
8583 0.000203
8585 0.000385
8587 0.000385
8589 0.000386
8591 1e-06
8592 0.000236
8596 1e-05
8597 0.000103
8599 0.000202
8600 0.000203
8603 0.000218
8605 9.7e-05
8606 0.000194
8607 0.000388
8611 0.000382
8613 0.000383
8615 0.000421
8617 0.000429
8619 0.000449
8621 0.000161
8623 0.000182
8624 0.000205
8628 0.000204
8631 3.4e-05
8632 0.000194
8635 0.000205
8637 0.000384
8639 0.000364
8643 0.000384
8647 0.000384
8649 0.000386
8651 0.000373
8653 0.000386
8655 0.000363
8657 2e-06
8658 4.7e-05
8659 0.000306
8662 1.1e-05
8663 0.000318
8665 0.000448
8667 0.000399
8669 0.000109
8670 0.000216
8671 0.000432
8673 0.000414
8675 0.000204
8677 0.000385
8679 0.000204
8681 0.000386
8683 0.000385
8685 0.000364
8687 0.000386
8689 0.000386
8691 0.000203
8693 3.5e-05
8694 0.000103
8695 0.000204
8696 0.000205
8699 0.000204
8701 0.000399
8703 0.000204
8705 0.000386
8707 0.000364
8709 0.000113
8711 0.000204
8713 0.000388
8715 0.000386
8717 0.000415
8720 0.000196
8723 0.00039
8725 9.9e-05
8726 0.000203
8727 0.000394
8731 1.1e-05
8732 0.000196
8734 0.000196
8735 0.000387
8737 1e-06
8739 0.000377
8741 0.000388
8743 0.000367
8746 1e-06
8747 1.4e-05
8748 5.8e-05
8749 0.000113
8750 0.000115
8751 0.000205
8753 0.000389
8755 0.000377
8758 0.000206
8759 0.00039
8761 0.000389
8763 1e-06
8764 0.000197
8766 0.000184
8767 0.00039
8769 0.000389
8771 0.000206
8773 0.000389
8775 0.00037
8777 6.7e-05
8779 0.000211
8781 0.000448
8783 0.000422
8787 1e-05
8789 0.000382
8791 0.000371
8794 6.9e-05
8795 0.000206
8796 0.000207
8799 1e-06
8800 5.9e-05
8801 0.000115
8804 1.3e-05
8805 0.000391
8807 0.000392
8809 0.000378
8811 0.000207
8813 6.9e-05
8814 0.000114
8815 0.000394
8817 0.000393
8819 0.000371
8823 0.000115
8825 0.000393
8827 0.000371
8829 0.000393
8832 0.000208
8834 6.8e-05
8837 1e-06
8839 0.000423
8844 0.00011
8845 0.000442
8847 0.00011
8849 0.000409
8851 0.000394
8854 0.000115
8856 0.000236
8859 0.000221
8861 0.000444
8863 0.000403
8865 0.000395
8867 0.000208
8868 0.000219
8871 1e-06
8873 0.000386
8875 0.000395
8878 0.000132
8879 0.000414
8882 0.00021
8883 0.000398
8885 0.000117
8887 0.000187
8889 0.000397
8891 0.000396
8893 0.000386
8895 0.0004
8897 0.000406
8900 1e-06
8903 0.0002
8905 0.000398
8907 0.000209
8909 0.000397
8911 0.000376
8913 0.000427
8915 0.000376
8917 0.000385
8919 0.00021
8922 4.7e-05
8923 0.000398
8926 0.000117
8927 0.0004
8932 1e-06
8933 0.000392
8935 1e-06
8938 0.0002
8939 0.0004
8941 0.000401
8943 0.000143
8945 0.000115
8948 0.000213
8950 0.000212
8951 0.000475
8955 0.000486
8959 5.7e-05
8961 0.00041
8963 0.000378
8966 0.000211
8967 0.000401
8969 0.000399
8971 0.000378
8974 1e-06
8975 0.000107
8977 0.000408
8979 0.000378
8981 0.000402
8985 0.0004
8987 0.000211
8989 0.000379
8991 0.000213
8994 0.00019
8995 0.000402
8998 1e-06
8999 0.000202
9001 0.00042
9003 0.000431
9005 0.000407
9007 0.00041
9009 0.000389
9011 0.000403
9013 0.0004
9015 0.00038
9017 0.000402
9020 0.000212
9022 0.000213
9023 0.000412
9025 0.000401
9027 0.000211
9029 0.000402
9031 0.000401
9035 6.9e-05
9037 9.7e-05
9038 0.000101
9039 0.000224
9043 0.000381
9045 0.000381
9047 0.000424
9051 0.00043
9053 0.000403
9055 1e-06
9057 0.000393
9059 0.000213
9060 0.000215
9062 0.000192
9063 0.000404
9065 0.000403
9067 0.000382
9069 0.000117
9072 0.000203
9075 0.000427
9077 0.000155
9079 0.000255
9082 3.2e-05
9084 6.5e-05
9085 0.000513
9087 0.000212
9088 0.000213
9091 0.000422
9093 0.000403
9095 0.000215
9098 0.000117
9100 1e-06
9102 0.000109
9103 0.000404
9105 0.00046
9107 0.000472
9109 0.000395
9111 0.00013
9113 0.00048
9115 1e-06
9118 5.9e-05
9120 0.000118
9122 0.00027
9123 0.000453
9126 0.000117
9127 0.000215
9131 0.000384
9133 0.00045
9135 0.000246
9137 0.000511
9139 0.000498
9141 0.000435
9143 0.000463
9145 0.000515
9147 0.000511
9152 0.00013
9154 0.000128
9157 9e-06
9158 0.000152
9159 0.000212
9161 0.000399
9163 0.000397
9167 9.9e-05
9168 0.00011
9169 0.000405
9171 0.000408
9173 1e-06
9174 0.000108
9177 0.000408
9179 0.000384
9181 0.00012
9182 0.000214
9183 0.00044
9185 0.000407
9187 0.000408
9189 0.000407
9191 0.000214
9193 7.1e-05
9196 0.000216
9199 0.000193
9201 0.000109
9204 3.5e-05
9205 0.000107
9206 0.00012
9207 0.000213
9209 0.000406
9211 0.000216
9215 0.000215
9217 0.000452
9219 0.000386
9221 0.000408
9224 0.000214
9226 1e-06
9227 0.000397
9229 0.000407
9231 1e-06
9234 1e-06
9235 0.000206
9237 0.000408
9239 0.000408
9241 1e-06
9245 6.1e-05
9246 0.000216
9247 0.000451
9249 0.000412
9251 0.000407
9253 0.000386
9255 0.000215
9257 0.000409
9259 0.000409
9261 0.000408
9263 0.00039
9265 1e-06
9266 0.000227
9267 0.000448
9270 0.000119
9271 0.000216
9273 0.000412
9275 1e-06
9276 0.000206
9280 0.00012
9283 0.00039
9285 0.00039
9287 0.00039
9290 0.000216
9291 0.000411
9294 7.2e-05
9295 0.00042
9297 0.000434
9299 0.000217
9300 0.00025
9303 0.000117
9305 0.000462
9307 0.000392
9311 0.000217
9313 0.000414
9316 1e-06
9318 0.000207
9319 0.000412
9323 0.000486
9325 0.000462
9329 0.000442
9332 1e-06
9334 0.000313
9335 0.000647
9337 1e-06
9338 6.2e-05
9339 0.000414
9341 0.000413
9343 0.000219
9345 0.000413
9349 0.000426
9351 0.000413
9355 0.000412
9358 0.000219
9359 0.000413
9363 1e-05
9364 0.000208
9367 0.000197
9369 0.000415
9371 0.000394
9373 0.000415
9375 0.000416
9378 0.000218
9379 0.00043
9381 0.000466
9383 0.000467
9385 0.000418
9388 0.000218
9390 0.000123
9391 0.000416
9393 0.000415
9395 0.000401
9398 0.000219
9399 0.000416
9401 0.000417
9403 0.000219
9405 7.1e-05
9406 0.000121
9407 0.000416
9412 1e-05
9413 0.000408
9415 1e-06
9417 0.000408
9419 0.000397
9422 0.00012
9423 0.000443
9425 1e-05
9426 3.5e-05
9427 0.000409
9429 0.000122
9430 0.000221
9431 0.000486
9433 0.000473
9436 1e-06
9438 0.000116
9439 0.00042
9443 0.00022
9447 0.000397
9451 0.000419
9453 0.000426
9455 0.000222
9457 0.00042
9459 0.000398
9462 1.4e-05
9463 0.000211
9465 0.00042
9467 0.0004
9469 0.000489
9471 0.000419
9474 1e-06
9475 0.000225
9476 0.000231
9480 1e-05
9481 6.2e-05
9482 0.000222
9483 0.000466
9489 0.000474
9491 0.000411
9493 0.000422
9495 0.000222
9497 0.00042
9499 0.000221
9501 0.000432
9504 0.000222
9506 7.2e-05
9507 0.000422
9511 0.000421
9513 0.000445
9515 0.000223
9517 0.000476
9519 0.000238
9520 0.00024
9524 0.000223
9526 0.000201
9527 0.000432
9531 0.000232
9533 3.9e-05
9534 0.000122
9535 0.000425
9537 0.000453
9539 0.000427
9541 0.000401
9543 0.000403
9546 0.000223
9547 0.000423
9549 0.000403
9551 0.000426
9553 0.000424
9555 0.000403
9557 0.000423
9559 0.000441
9562 1e-06
9563 0.000215
9565 0.000426
9567 0.000223
9569 0.000452
9571 0.000447
9573 0.000457
9575 0.000484
9577 2.6e-05
9579 0.000214
9582 0.000215
9583 0.000427
9586 1e-06
9588 0.000215
9590 0.000203
9591 0.000436
9593 0.000428
9595 0.000429
9598 0.000124
9599 0.000224
9601 0.000428
9603 0.000225
9607 0.000204
9609 0.000428
9611 0.00056
9613 0.000576
9615 0.000432
9619 0.000218
9621 0.000496
9623 0.000123
9625 0.000499
9627 0.000412
9629 0.000436
9631 0.000434
9633 0.000488
9635 0.000242
9636 0.000249
9640 0.000244
9642 0.000232
9643 0.000447
9645 0.000448
9647 0.000499
9649 0.000491
9651 0.000234
9653 0.000434
9655 0.000238
9659 0.000231
9661 0.000445
9665 0.000464
9667 0.000224
9669 0.000439
9671 0.000444
9673 0.000461
9675 0.000432
9677 0.000117
9678 0.000229
9679 0.000452
9681 0.000434
9683 0.000234
9685 0.000126
9686 0.000128
9687 0.00023
9688 0.000235
9690 0.00023
9691 0.000433
9694 3.8e-05
9695 0.000116
9697 0.000442
9700 0.00023
9702 0.000207
9703 0.000442
9705 0.000459
9707 0.000437
9709 0.000507
9711 0.000494
9713 0.000439
9715 0.00045
9719 0.0005
9721 0.00051
9724 1e-06
9725 0.000548
9727 0.000543
9729 0.000444
9733 0.000441
9735 0.000436
9737 1e-06
9738 0.00022
9739 0.000549
9743 0.000569
9745 0.000442
9747 0.00022
9751 0.000243
9753 0.000495
9755 0.00047
9757 0.000437
9759 0.000228
9761 0.000436
9765 0.000435
9767 0.000261
9771 0.000221
9773 0.000464
9776 1e-06
9778 1e-06
9779 0.000499
9781 0.000468
9783 0.000435
9785 0.000449
9787 0.000568
9789 0.000414
9791 0.000436
9793 1e-06
9796 8e-06
9797 0.000447
9799 0.000512
9802 0.000275
9803 0.000571
9808 7.7e-05
9810 0.000151
9812 0.000152
9813 0.000595
9816 0.000247
9819 0.000246
9821 0.000451
9823 0.000229
9827 0.000436
9829 0.000438
9831 0.000435
9834 7.3e-05
9835 0.00023
9836 0.000276
9838 0.000126
9839 0.000481
9841 0.000437
9843 0.000279
9845 0.000126
9846 0.000274
9847 0.000474
9850 7.8e-05
9851 0.000457
9854 0.000138
9856 0.000231
9858 1.3e-05
9859 0.000428
9861 0.000137
9862 0.00025
9863 0.000446
9865 0.000518
9867 0.000474
9869 0.000438
9871 0.000459
9873 2.7e-05
9874 2.8e-05
9875 0.000219
9878 0.000108
9879 0.000432
9883 0.000216
9885 0.000432
9887 0.000216
9889 0.000466
9891 0.000433
9894 1e-06
9895 0.000217
9898 0.000215
9899 0.000529
9901 0.000556
9903 0.000495
9906 0.000249
9907 0.000458
9909 0.00011
9910 0.000251
9911 0.000434
9913 0.000432
9915 0.000217
9917 0.000434
9920 0.000133
9921 0.000457
9924 0.000134
9925 0.000431
9928 0.000238
9931 1e-06
9932 0.000217
9935 0.000117
9938 0.000232
9939 0.000485
9941 0.000421
9943 0.000126
9947 1.1e-05
9948 6.5e-05
9949 7.5e-05
9950 0.000232
9951 0.000462
9955 0.000244
9957 0.000461
9959 0.000433
9962 7.8e-05
9963 0.000245
9965 0.000443
9969 0.000445
9971 0.000443
9974 1e-06
9975 0.000432
9977 0.000442
9979 0.000231
9981 0.000441
9983 0.00042
9985 1e-06
9988 0.000117
9989 0.000442
9991 0.000233
9995 1e-05
9996 0.000261
9999 0.000443
